#Time,Time_usec,ProducerName,component_id,job_id,MemTotal,MemFree,MemAvailable,Buffers,Cached,SwapCached,Active,Inactive,Active(anon),Inactive(anon),Active(file),Inactive(file),Unevictable,Mlocked,SwapTotal,SwapFree,Dirty,Writeback,AnonPages,Mapped,Shmem,Slab,SReclaimable,SUnreclaim,KernelStack,PageTables,NFS_Unstable,Bounce,WritebackTmp,CommitLimit,Committed_AS,VmallocTotal,VmallocUsed,VmallocChunk,HardwareCorrupted,AnonHugePages,ShmemHugePages,ShmemPmdMapped,CmaTotal,CmaFree,HugePages_Total,HugePages_Free,HugePages_Rsvd,HugePages_Surp,Hugepagesize,DirectMap4k,DirectMap2M,DirectMap1G
1509035202.001644,1644,wc112.localdomain,0,0,198001184,193907428,193227368,0,1099752,0,994568,655912,727252,550300,267316,105612,0,0,0,0,12,0,550776,29680,726824,1827804,208812,1618992,6448,4600,0,0,0,194041160,1591216,34359738367,0,0,0,0,0,0,0,0,0,0,0,0,2048,86768,5060608,198180864
1509035202.001091,1091,wc114.localdomain,2,0,198001184,195449216,194652864,0,977272,0,914252,602152,714236,551708,200016,50444,0,0,0,0,4,8,539180,29336,726808,471528,98696,372832,6080,4160,0,0,0,194041160,1721284,34359738367,0,0,0,0,0,0,0,0,0,0,0,0,2048,76528,6119424,197132288
1509035202.001683,1683,wc115.localdomain,3,0,198001184,195475488,194677576,0,975196,0,909840,602988,712516,551944,197324,51044,0,0,0,0,0,0,537480,29404,726816,448632,97668,350964,6080,4768,0,0,0,194041160,1448668,34359738367,0,0,0,0,0,0,0,0,0,0,0,0,2048,103152,7141376,196083712
1509035203.001750,1750,wc112.localdomain,0,0,198001184,193907396,193227340,0,1099760,0,994604,655920,727288,550300,267316,105620,0,0,0,0,12,0,550812,29680,726824,1827804,208812,1618992,6448,4612,0,0,0,194041160,1591216,34359738367,0,0,0,0,0,0,0,0,0,0,0,0,2048,86768,5060608,198180864
1509035203.001792,1792,wc115.localdomain,3,0,198001184,195477416,194679560,0,975264,0,909580,603032,712220,551944,197360,51088,0,0,0,0,4,0,537404,29776,726816,448656,97700,350956,6112,4312,0,0,0,194041160,1448668,34359738367,0,0,0,0,0,0,0,0,0,0,0,0,2048,103152,7141376,196083712
1509035203.001881,1881,wc113.localdomain,1,0,198001184,195475672,194677448,0,972844,0,909692,604488,716244,551912,193448,52576,0,0,0,0,4,0,541380,29680,726812,448852,99388,349464,6128,4544,0,0,0,194041160,1645304,34359738367,0,0,0,0,0,0,0,0,0,0,0,0,2048,101104,6094848,197132288
1509035203.001204,1204,wc114.localdomain,2,0,198001184,195449340,194652988,0,977272,0,914252,602152,714236,551708,200016,50444,0,0,0,0,4,8,539184,29336,726808,471528,98696,372832,6080,4160,0,0,0,194041160,1721284,34359738367,0,0,0,0,0,0,0,0,0,0,0,0,2048,76528,6119424,197132288
1509035204.001857,1857,wc112.localdomain,0,0,198001184,193910840,193230784,0,1099760,0,992028,655804,724596,550300,267432,105504,0,0,0,0,12,0,548136,28988,726824,1827804,208812,1618992,6336,4156,0,0,0,194041160,1591216,34359738367,0,0,0,0,0,0,0,0,0,0,0,0,2048,86768,5060608,198180864
1509035204.001991,1991,wc113.localdomain,1,0,198001184,195477512,194679292,0,972844,0,908048,604492,714600,551912,193448,52580,0,0,0,0,4,0,539740,26796,726812,448596,99388,349208,6112,4504,0,0,0,194041160,1645304,34359738367,0,0,0,0,0,0,0,0,0,0,0,0,2048,101104,6094848,197132288
1509035204.001901,1901,wc115.localdomain,3,0,198001184,195479768,194681912,0,975260,0,906932,603028,709572,551940,197360,51088,0,0,0,0,4,0,534716,25980,726812,448568,97700,350868,6032,3540,0,0,0,194041160,1448668,34359738367,0,0,0,0,0,0,0,0,0,0,0,0,2048,103152,7141376,196083712
1509035204.001312,1312,wc114.localdomain,2,0,198001184,195451116,194654764,0,977272,0,912920,602152,712904,551708,200016,50444,0,0,0,0,4,8,537856,27236,726808,471528,98696,372832,6080,4160,0,0,0,194041160,1721284,34359738367,0,0,0,0,0,0,0,0,0,0,0,0,2048,76528,6119424,197132288
1509035205.001962,1962,wc112.localdomain,0,0,198001184,193911336,193231280,0,1099764,0,991616,655780,724160,550300,267456,105480,0,0,0,0,12,0,547676,28448,726824,1827804,208812,1618992,6320,4048,0,0,0,194041160,1591216,34359738367,0,0,0,0,0,0,0,0,0,0,0,0,2048,86768,5060608,198180864
1509035205.002098,2098,wc113.localdomain,1,0,198001184,195478348,194680128,0,972840,0,907036,604488,713588,551908,193448,52580,0,0,0,0,4,0,538708,25720,726808,448596,99388,349208,6048,3788,0,0,0,194041160,1645304,34359738367,0,0,0,0,0,0,0,0,0,0,0,0,2048,101104,6094848,197132288
1509035205.001420,1420,wc114.localdomain,2,0,198001184,195451540,194655236,0,977332,0,911700,602172,711640,551704,200060,50468,0,0,0,0,4,0,536580,25664,726804,471560,98728,372832,6032,3532,0,0,0,194041160,1721284,34359738367,0,0,0,0,0,0,0,0,0,0,0,0,2048,76528,6119424,197132288
1509035205.001806,1806,wc115.localdomain,3,0,198001184,195479768,194681912,0,975260,0,906932,603028,709572,551940,197360,51088,0,0,0,0,4,0,534716,25980,726812,448568,97700,350868,6032,3540,0,0,0,194041160,1448668,34359738367,0,0,0,0,0,0,0,0,0,0,0,0,2048,103152,7141376,196083712
1509035206.002070,2070,wc112.localdomain,0,0,198001184,193912404,193232348,0,1099764,0,991616,655780,724160,550300,267456,105480,0,0,0,0,12,0,547692,28448,726824,1827324,208812,1618512,6320,4048,0,0,0,194041160,1591216,34359738367,0,0,0,0,0,0,0,0,0,0,0,0,2048,86768,5060608,198180864
1509035206.001202,1202,wc113.localdomain,1,0,198001184,195478596,194680376,0,972840,0,907036,604488,713588,551908,193448,52580,0,0,0,0,4,0,538708,25720,726808,448596,99388,349208,6048,3788,0,0,0,194041160,1645304,34359738367,0,0,0,0,0,0,0,0,0,0,0,0,2048,101104,6094848,197132288
1509035206.001819,1819,wc115.localdomain,3,0,198001184,195479892,194682036,0,975260,0,906932,603028,709572,551940,197360,51088,0,0,0,0,4,0,534716,25980,726812,448568,97700,350868,6032,3540,0,0,0,194041160,1448668,34359738367,0,0,0,0,0,0,0,0,0,0,0,0,2048,103152,7141376,196083712
1509035206.001527,1527,wc114.localdomain,2,0,198001184,195451540,194655236,0,977332,0,911700,602172,711640,551704,200060,50468,0,0,0,0,4,0,536580,25664,726804,471560,98728,372832,6032,3532,0,0,0,194041160,1721284,34359738367,0,0,0,0,0,0,0,0,0,0,0,0,2048,76528,6119424,197132288
1509035207.001822,1822,wc115.localdomain,3,0,198001184,195479892,194682036,0,975260,0,906932,603028,709572,551940,197360,51088,0,0,0,0,4,0,534716,25980,726812,448568,97700,350868,6032,3540,0,0,0,194041160,1448668,34359738367,0,0,0,0,0,0,0,0,0,0,0,0,2048,103152,7141376,196083712
1509035207.001307,1307,wc113.localdomain,1,0,198001184,195478720,194680500,0,972840,0,907036,604488,713588,551908,193448,52580,0,0,0,0,4,0,538708,25720,726808,448596,99388,349208,6048,3788,0,0,0,194041160,1645304,34359738367,0,0,0,0,0,0,0,0,0,0,0,0,2048,101104,6094848,197132288
1509035207.001634,1634,wc114.localdomain,2,0,198001184,195451540,194655236,0,977332,0,911700,602172,711640,551704,200060,50468,0,0,0,0,4,0,536580,25664,726804,471560,98728,372832,6032,3532,0,0,0,194041160,1721284,34359738367,0,0,0,0,0,0,0,0,0,0,0,0,2048,76528,6119424,197132288
1509035207.001176,1176,wc112.localdomain,0,0,198001184,193912404,193232348,0,1099764,0,991616,655780,724160,550300,267456,105480,0,0,0,0,12,0,547696,28448,726824,1827324,208812,1618512,6320,4048,0,0,0,194041160,1591216,34359738367,0,0,0,0,0,0,0,0,0,0,0,0,2048,86768,5060608,198180864
1509035208.001740,1740,wc114.localdomain,2,0,198001184,195451540,194655236,0,977332,0,911700,602172,711640,551704,200060,50468,0,0,0,0,4,0,536580,25664,726804,471560,98728,372832,6032,3532,0,0,0,194041160,1721284,34359738367,0,0,0,0,0,0,0,0,0,0,0,0,2048,76528,6119424,197132288
1509035208.001820,1820,wc115.localdomain,3,0,198001184,195479860,194682004,0,975260,0,906932,603028,709572,551940,197360,51088,0,0,0,0,4,0,534716,25980,726812,448568,97700,350868,6032,3540,0,0,0,194041160,1448668,34359738367,0,0,0,0,0,0,0,0,0,0,0,0,2048,103152,7141376,196083712
1509035208.001287,1287,wc112.localdomain,0,0,198001184,193912684,193232628,0,1099768,0,991616,655780,724160,550300,267456,105480,0,0,0,0,16,0,547700,28448,726824,1827324,208812,1618512,6320,4048,0,0,0,194041160,1591216,34359738367,0,0,0,0,0,0,0,0,0,0,0,0,2048,86768,5060608,198180864
1509035208.001413,1413,wc113.localdomain,1,0,198001184,195478720,194680500,0,972840,0,907036,604488,713588,551908,193448,52580,0,0,0,0,4,0,538708,25720,726808,448596,99388,349208,6048,3788,0,0,0,194041160,1645304,34359738367,0,0,0,0,0,0,0,0,0,0,0,0,2048,101104,6094848,197132288
1509035209.000544,544,wc112.localdomain,0,0,198001184,193910576,193230636,0,1099788,0,992120,655752,724612,550300,267508,105452,0,0,0,0,16,0,548164,28448,726824,1829228,209020,1620208,6352,4176,0,0,0,194041160,1539808,34359738367,0,0,0,0,0,0,0,0,0,0,0,0,2048,86768,5060608,198180864
1509035209.001519,1519,wc113.localdomain,1,0,198001184,195478844,194680624,0,972840,0,907036,604488,713588,551908,193448,52580,0,0,0,0,4,0,538708,25720,726808,448596,99388,349208,6048,3788,0,0,0,194041160,1645304,34359738367,0,0,0,0,0,0,0,0,0,0,0,0,2048,101104,6094848,197132288
1509035209.001818,1818,wc115.localdomain,3,0,198001184,195479860,194682004,0,975260,0,906932,603028,709572,551940,197360,51088,0,0,0,0,4,0,534716,25980,726812,448568,97700,350868,6032,3540,0,0,0,194041160,1448668,34359738367,0,0,0,0,0,0,0,0,0,0,0,0,2048,103152,7141376,196083712
1509035209.001847,1847,wc114.localdomain,2,0,198001184,195451664,194655360,0,977332,0,911700,602172,711640,551704,200060,50468,0,0,0,0,4,0,536580,25664,726804,471560,98728,372832,6032,3532,0,0,0,194041160,1721284,34359738367,0,0,0,0,0,0,0,0,0,0,0,0,2048,76528,6119424,197132288
1509035210.000514,514,wc112.localdomain,0,0,198001184,193895008,193219916,0,1108116,0,999504,662612,730616,550300,268888,112312,0,0,0,0,16,0,554128,31296,726824,1830852,210476,1620376,6384,4420,0,0,0,194041160,1539808,34359738367,0,0,0,0,0,0,0,0,0,0,0,0,2048,86768,5060608,198180864
1509035210.001627,1627,wc113.localdomain,1,0,198001184,195478844,194680624,0,972840,0,907036,604488,713588,551908,193448,52580,0,0,0,0,4,0,538708,25720,726808,448596,99388,349208,6048,3788,0,0,0,194041160,1645304,34359738367,0,0,0,0,0,0,0,0,0,0,0,0,2048,101104,6094848,197132288
1509035210.001826,1826,wc115.localdomain,3,0,198001184,195479984,194682128,0,975260,0,906932,603028,709572,551940,197360,51088,0,0,0,0,4,0,534716,25980,726812,448568,97700,350868,6032,3540,0,0,0,194041160,1448668,34359738367,0,0,0,0,0,0,0,0,0,0,0,0,2048,103152,7141376,196083712
1509035210.001953,1953,wc114.localdomain,2,0,198001184,195451664,194655360,0,977332,0,911700,602172,711640,551704,200060,50468,0,0,0,0,4,0,536580,25664,726804,471560,98728,372832,6032,3532,0,0,0,194041160,1721284,34359738367,0,0,0,0,0,0,0,0,0,0,0,0,2048,76528,6119424,197132288
1509035211.001630,1630,wc112.localdomain,0,0,198001184,193760920,193088668,0,1116896,0,1111636,670004,841280,556124,270356,113880,0,0,0,0,20,0,665704,44036,732660,1837840,213116,1624724,7376,8640,0,0,0,194041160,1741980,34359738367,0,0,0,0,0,0,0,0,0,0,0,0,2048,86768,5060608,198180864
1509035211.002043,2043,wc114.localdomain,2,0,198001184,195336860,194545744,0,991344,0,1006736,614264,805160,557096,201576,57168,0,0,0,0,4,0,629944,38312,732196,477732,100888,376844,6832,7280,0,0,0,194041160,1721284,34359738367,0,0,0,0,0,0,0,0,0,0,0,0,2048,76528,6119424,197132288
1509035211.001751,1751,wc113.localdomain,1,0,198001184,195361636,194567492,0,984952,0,1002104,615148,807192,556972,194912,58176,0,0,0,0,4,0,632388,36628,731856,451784,100484,351300,6552,6672,0,0,0,194041160,1686060,34359738367,0,0,0,0,0,0,0,0,0,0,0,0,2048,101104,6094848,197132288
1509035211.001837,1837,wc115.localdomain,3,0,198001184,195362904,194570516,0,989232,0,1002052,615504,803196,557308,198856,58196,0,0,0,0,4,0,628596,39008,732180,454708,100028,354680,6912,7584,0,0,0,194041160,1597888,34359738367,0,0,0,0,0,0,0,0,0,0,0,0,2048,103152,7141376,196083712
1509035212.001714,1714,wc112.localdomain,0,0,198001184,193704948,193048032,0,1148780,0,1136960,701972,866604,557436,270356,144536,0,0,0,0,30600,0,690576,45344,733968,1837856,213132,1624724,7376,8756,0,0,0,194041160,1741980,34359738367,0,0,0,0,0,0,0,0,0,0,0,0,2048,86768,5060608,198180864
1509035212.000628,628,wc113.localdomain,1,0,198001184,195356108,194563364,0,986928,0,1004588,617072,809632,557392,194956,59680,0,0,0,0,4,0,635404,38740,732292,454876,101732,353144,6880,7748,0,0,0,194041160,1686060,34359738367,0,0,0,0,0,0,0,0,0,0,0,0,2048,101104,6094848,197132288
1509035212.000767,767,wc114.localdomain,2,0,198001184,195331900,194541032,0,991408,0,1008328,614732,806752,557176,201576,57556,0,0,0,0,4,0,632052,38784,732276,477988,100992,376996,6864,7408,0,0,0,194041160,1721284,34359738367,0,0,0,0,0,0,0,0,0,0,0,0,2048,76528,6119424,197132288
1509035212.001033,1033,wc115.localdomain,3,0,198001184,195359416,194567036,0,989372,0,1006164,615636,807308,557440,198856,58196,0,0,0,0,4,0,632816,39148,732320,454504,100044,354460,6912,7652,0,0,0,194041160,1597888,34359738367,0,0,0,0,0,0,0,0,0,0,0,0,2048,103152,7141376,196083712
1509035213.002746,2746,wc112.localdomain,0,0,198001184,193659584,193023260,0,1189952,0,1141184,743312,870828,557760,270356,185552,0,0,0,0,71456,0,694452,45660,734284,1839016,213300,1625716,7376,8808,0,0,0,194041160,1741980,34359738367,0,0,0,0,0,0,0,0,0,0,0,0,2048,86768,5060608,198180864
1509035213.001185,1185,wc114.localdomain,2,0,198001184,195329904,194539036,0,991464,0,1011748,614788,810172,557232,201576,57556,0,0,0,0,4,0,635444,38840,732332,477988,100992,376996,6864,7424,0,0,0,194041160,1721284,34359738367,0,0,0,0,0,0,0,0,0,0,0,0,2048,76528,6119424,197132288
1509035213.001805,1805,wc115.localdomain,3,0,198001184,195356132,194563752,0,989492,0,1008096,615760,809240,557564,198856,58196,0,0,0,0,4,0,634700,39268,732440,454504,100044,354460,6912,7676,0,0,0,194041160,1597888,34359738367,0,0,0,0,0,0,0,0,0,0,0,0,2048,103152,7141376,196083712
1509035213.001285,1285,wc113.localdomain,1,0,198001184,195354768,194562024,0,987020,0,1007808,617148,812852,557468,194956,59680,0,0,0,0,4,0,638336,38832,732384,454876,101732,353144,6880,7768,0,0,0,194041160,1686060,34359738367,0,0,0,0,0,0,0,0,0,0,0,0,2048,101104,6094848,197132288
1509035214.001714,1714,wc112.localdomain,0,0,198001184,193601628,192996044,0,1251592,0,1135344,804776,864988,557840,270356,246936,0,0,0,0,133004,0,688840,45752,734376,1841312,213396,1627916,7296,8424,0,0,0,194041160,1741980,34359738367,0,0,0,0,0,0,0,0,0,0,0,0,2048,86768,5060608,198180864
1509035214.001411,1411,wc113.localdomain,1,0,198001184,195353648,194560904,0,987096,0,1008460,617232,813504,557552,194956,59680,0,0,0,0,4,0,638940,38908,732460,454836,101732,353104,6784,7224,0,0,0,194041160,1686060,34359738367,0,0,0,0,0,0,0,0,0,0,0,0,2048,101104,6094848,197132288
1509035214.001838,1838,wc115.localdomain,3,0,198001184,195355420,194563040,0,989516,0,1008568,615788,809712,557592,198856,58196,0,0,0,0,4,0,635164,39292,732464,454504,100044,354460,6784,7004,0,0,0,194041160,1597888,34359738367,0,0,0,0,0,0,0,0,0,0,0,0,2048,103152,7141376,196083712
1509035214.001364,1364,wc114.localdomain,2,0,198001184,195329616,194538748,0,991588,0,1012952,614912,811376,557356,201576,57556,0,0,0,0,4,0,636628,38884,732456,477988,100992,376996,6784,7028,0,0,0,194041160,1721284,34359738367,0,0,0,0,0,0,0,0,0,0,0,0,2048,76528,6119424,197132288
1509035215.001845,1845,wc112.localdomain,0,0,198001184,193546764,192985772,0,1302792,0,1136696,855988,866340,557852,270356,298136,0,0,0,0,184204,0,690016,45752,734376,1843024,213508,1629516,7296,8428,0,0,0,194041160,1741980,34359738367,0,0,0,0,0,0,0,0,0,0,0,0,2048,86768,5060608,198180864
1509035215.001562,1562,wc113.localdomain,1,0,198001184,195354112,194561368,0,987096,0,1010244,617240,815288,557560,194956,59680,0,0,0,0,4,0,640796,38908,732460,454836,101732,353104,6784,7232,0,0,0,194041160,1686060,34359738367,0,0,0,0,0,0,0,0,0,0,0,0,2048,101104,6094848,197132288
1509035215.002063,2063,wc115.localdomain,3,0,198001184,195353720,194561340,0,989516,0,1010136,615788,811280,557592,198856,58196,0,0,0,0,4,0,636716,39292,732464,454504,100044,354460,6784,7004,0,0,0,194041160,1597888,34359738367,0,0,0,0,0,0,0,0,0,0,0,0,2048,103152,7141376,196083712
1509035215.001564,1564,wc114.localdomain,2,0,198001184,195326504,194535636,0,991588,0,1014524,614912,812948,557356,201576,57556,0,0,0,0,4,0,638088,38964,732456,477988,100992,376996,6768,6956,0,0,0,194041160,1721284,34359738367,0,0,0,0,0,0,0,0,0,0,0,0,2048,76528,6119424,197132288
1509035216.002268,2268,wc112.localdomain,0,0,198001184,193491280,192971296,0,1343752,0,1150604,896948,880248,557852,270356,339096,0,0,0,0,225164,0,703920,45752,734376,1844496,213604,1630892,7296,8436,0,0,0,194041160,1741980,34359738367,0,0,0,0,0,0,0,0,0,0,0,0,2048,86768,5060608,198180864
1509035216.001290,1290,wc115.localdomain,3,0,198001184,195350428,194558048,0,989516,0,1011648,615788,812792,557592,198856,58196,0,0,0,0,4,0,638148,39292,732464,454504,100044,354460,6784,7008,0,0,0,194041160,1597888,34359738367,0,0,0,0,0,0,0,0,0,0,0,0,2048,103152,7141376,196083712
1509035216.001871,1871,wc114.localdomain,2,0,198001184,195325040,194534172,0,991588,0,1016092,614912,814516,557356,201576,57556,0,0,0,0,4,0,639676,38964,732456,477988,100992,376996,6768,6960,0,0,0,194041160,1721284,34359738367,0,0,0,0,0,0,0,0,0,0,0,0,2048,76528,6119424,197132288
1509035216.001695,1695,wc113.localdomain,1,0,198001184,195349580,194556836,0,987096,0,1011588,617240,816632,557560,194956,59680,0,0,0,0,4,0,642104,38908,732460,454836,101732,353104,6784,7232,0,0,0,194041160,1686060,34359738367,0,0,0,0,0,0,0,0,0,0,0,0,2048,101104,6094848,197132288
1509035217.000563,563,wc112.localdomain,0,0,198001184,193453808,192964656,0,1374372,0,1156900,927724,886544,557852,270356,369872,0,0,0,0,255784,0,710440,45752,734376,1845448,213716,1631732,7296,8428,0,0,0,194041160,1741980,34359738367,0,0,0,0,0,0,0,0,0,0,0,0,2048,86768,5060608,198180864
1509035217.001439,1439,wc115.localdomain,3,0,198001184,195351236,194558856,0,989516,0,1012824,615788,813968,557592,198856,58196,0,0,0,0,4,0,639428,39292,732464,454504,100044,354460,6784,7008,0,0,0,194041160,1597888,34359738367,0,0,0,0,0,0,0,0,0,0,0,0,2048,103152,7141376,196083712
1509035217.001822,1822,wc113.localdomain,1,0,198001184,195350632,194557888,0,987096,0,1012932,617240,817976,557560,194956,59680,0,0,0,0,4,0,643436,38908,732460,454836,101732,353104,6784,7232,0,0,0,194041160,1686060,34359738367,0,0,0,0,0,0,0,0,0,0,0,0,2048,101104,6094848,197132288
1509035217.002131,2131,wc114.localdomain,2,0,198001184,195326276,194535408,0,991588,0,1017324,614912,815748,557356,201576,57556,0,0,0,0,4,0,640912,38964,732456,477988,100992,376996,6768,6960,0,0,0,194041160,1721284,34359738367,0,0,0,0,0,0,0,0,0,0,0,0,2048,76528,6119424,197132288
1509035218.001705,1705,wc112.localdomain,0,0,198001184,193398272,192960168,0,1426028,0,1161856,978708,891500,557852,270356,420856,0,0,0,0,307440,0,715120,45752,734376,1847072,213844,1633228,7296,8444,0,0,0,194041160,1741980,34359738367,0,0,0,0,0,0,0,0,0,0,0,0,2048,86768,5060608,198180864
1509035218.002598,2598,wc114.localdomain,2,0,198001184,195324244,194533376,0,991588,0,1018724,614912,817148,557356,201576,57556,0,0,0,0,4,0,642392,38964,732456,477572,100992,376580,6768,6960,0,0,0,194041160,1721284,34359738367,0,0,0,0,0,0,0,0,0,0,0,0,2048,76528,6119424,197132288
1509035218.001964,1964,wc113.localdomain,1,0,198001184,195349400,194556656,0,987096,0,1014332,617240,819376,557560,194956,59680,0,0,0,0,4,0,644748,38908,732460,454836,101732,353104,6784,7236,0,0,0,194041160,1686060,34359738367,0,0,0,0,0,0,0,0,0,0,0,0,2048,101104,6094848,197132288
1509035218.001566,1566,wc115.localdomain,3,0,198001184,195348992,194556612,0,989516,0,1014392,615788,815536,557592,198856,58196,0,0,0,0,4,0,641000,39292,732464,454504,100044,354460,6784,7012,0,0,0,194041160,1597888,34359738367,0,0,0,0,0,0,0,0,0,0,0,0,2048,103152,7141376,196083712
1509035219.001804,1804,wc112.localdomain,0,0,198001184,193342408,192965952,0,1487116,0,1152964,1040308,882608,557852,270356,482456,0,0,0,0,368528,0,706452,45752,734376,1849184,213940,1635244,7296,8460,0,0,0,194041160,1741980,34359738367,0,0,0,0,0,0,0,0,0,0,0,0,2048,86768,5060608,198180864
1509035219.001380,1380,wc114.localdomain,2,0,198001184,195322540,194531672,0,991588,0,1020180,614912,818604,557356,201576,57556,0,0,0,0,4,0,643884,38964,732456,477572,100992,376580,6768,6964,0,0,0,194041160,1721284,34359738367,0,0,0,0,0,0,0,0,0,0,0,0,2048,76528,6119424,197132288
1509035219.001735,1735,wc115.localdomain,3,0,198001184,195347692,194555312,0,989516,0,1015960,615788,817104,557592,198856,58196,0,0,0,0,4,0,642528,39292,732464,454504,100044,354460,6784,7016,0,0,0,194041160,1597888,34359738367,0,0,0,0,0,0,0,0,0,0,0,0,2048,103152,7141376,196083712
1509035219.002085,2085,wc113.localdomain,1,0,198001184,195346932,194554188,0,987096,0,1015956,617240,821000,557560,194956,59680,0,0,0,0,4,0,646428,38908,732460,454836,101732,353104,6784,7236,0,0,0,194041160,1686060,34359738367,0,0,0,0,0,0,0,0,0,0,0,0,2048,101104,6094848,197132288
1509035220.000549,549,wc112.localdomain,0,0,198001184,193288268,192952988,0,1528284,0,1157268,1081404,886912,557852,270356,523552,0,0,0,0,321732,71340,710388,45752,734376,1858216,214100,1644116,7296,8440,0,0,0,194041160,1741980,34359738367,0,0,0,0,0,0,0,0,0,0,0,0,2048,86768,5060608,198180864
1509035220.001531,1531,wc114.localdomain,2,0,198001184,195320908,194530040,0,991588,0,1022252,614912,820676,557356,201576,57556,0,0,0,0,4,0,645868,38964,732456,477572,100992,376580,6768,6972,0,0,0,194041160,1721284,34359738367,0,0,0,0,0,0,0,0,0,0,0,0,2048,76528,6119424,197132288
1509035220.001229,1229,wc113.localdomain,1,0,198001184,195346092,194553348,0,987096,0,1017636,617240,822680,557560,194956,59680,0,0,0,0,4,0,648140,38908,732460,454836,101732,353104,6784,7236,0,0,0,194041160,1686060,34359738367,0,0,0,0,0,0,0,0,0,0,0,0,2048,101104,6094848,197132288
1509035220.001848,1848,wc115.localdomain,3,0,198001184,195347036,194554656,0,989516,0,1017528,615788,818672,557592,198856,58196,0,0,0,0,4,0,644028,39292,732464,454504,100044,354460,6784,7020,0,0,0,194041160,1597888,34359738367,0,0,0,0,0,0,0,0,0,0,0,0,2048,103152,7141376,196083712
1509035221.001604,1604,wc112.localdomain,0,0,198001184,193276860,192941580,0,1528284,0,1157272,1081404,886916,557852,270356,523552,0,0,0,0,388,202448,710392,45752,734376,1869276,214100,1655176,7296,8440,0,0,0,194041160,1741980,34359738367,0,0,0,0,0,0,0,0,0,0,0,0,2048,86768,5060608,198180864
1509035221.001344,1344,wc113.localdomain,1,0,198001184,195346628,194553884,0,987096,0,1018252,617240,823296,557560,194956,59680,0,0,0,0,4,0,648720,38908,732460,454836,101732,353104,6784,7240,0,0,0,194041160,1686060,34359738367,0,0,0,0,0,0,0,0,0,0,0,0,2048,101104,6094848,197132288
1509035221.001648,1648,wc114.localdomain,2,0,198001184,195321684,194530816,0,991588,0,1022812,614912,821236,557356,201576,57556,0,0,0,0,4,0,646456,38964,732456,477572,100992,376580,6768,6972,0,0,0,194041160,1721284,34359738367,0,0,0,0,0,0,0,0,0,0,0,0,2048,76528,6119424,197132288
1509035221.001827,1827,wc115.localdomain,3,0,198001184,195347900,194555520,0,989516,0,1018032,615788,819176,557592,198856,58196,0,0,0,0,4,0,644548,39292,732464,454504,100044,354460,6784,7024,0,0,0,194041160,1597888,34359738367,0,0,0,0,0,0,0,0,0,0,0,0,2048,103152,7141376,196083712
1509035222.001723,1723,wc112.localdomain,0,0,198001184,193303404,192968124,0,1528284,0,1157272,1081404,886916,557852,270356,523552,0,0,0,0,100,22652,710392,45752,734376,1842864,214100,1628764,7296,8440,0,0,0,194041160,1741980,34359738367,0,0,0,0,0,0,0,0,0,0,0,0,2048,86768,5060608,198180864
1509035222.000989,989,wc115.localdomain,3,0,198001184,195347900,194555520,0,989516,0,1018032,615788,819176,557592,198856,58196,0,0,0,0,4,0,644548,39292,732464,454504,100044,354460,6784,7024,0,0,0,194041160,1597888,34359738367,0,0,0,0,0,0,0,0,0,0,0,0,2048,103152,7141376,196083712
1509035222.001495,1495,wc113.localdomain,1,0,198001184,195346628,194553884,0,987096,0,1018252,617240,823296,557560,194956,59680,0,0,0,0,4,0,648720,38908,732460,454836,101732,353104,6784,7240,0,0,0,194041160,1686060,34359738367,0,0,0,0,0,0,0,0,0,0,0,0,2048,101104,6094848,197132288
1509035222.000814,814,wc114.localdomain,2,0,198001184,195322180,194531312,0,991588,0,1022816,614912,821240,557356,201576,57556,0,0,0,0,4,0,646456,38964,732456,477572,100992,376580,6768,6972,0,0,0,194041160,1721284,34359738367,0,0,0,0,0,0,0,0,0,0,0,0,2048,76528,6119424,197132288
1509035223.001826,1826,wc112.localdomain,0,0,198001184,193559764,192956544,0,1258360,0,1175284,810564,904928,559184,270356,251380,0,0,0,0,100,0,728536,47084,735708,1839248,213684,1625564,7296,8448,0,0,0,194041160,1790320,34359738367,0,0,0,0,0,0,0,0,0,0,0,0,2048,86768,5060608,198180864
1509035223.001850,1850,wc115.localdomain,3,0,198001184,195341572,194549208,0,989516,0,1022904,615788,824048,557592,198856,58196,0,0,0,0,4,0,649640,39292,732464,454536,100076,354460,6784,7032,0,0,0,194041160,1597888,34359738367,0,0,0,0,0,0,0,0,0,0,0,0,2048,103152,7141376,196083712
1509035223.001596,1596,wc113.localdomain,1,0,198001184,195340440,194547696,0,987096,0,1023400,617240,828444,557560,194956,59680,0,0,0,0,4,0,653884,38908,732460,454836,101732,353104,6784,7240,0,0,0,194041160,1686060,34359738367,0,0,0,0,0,0,0,0,0,0,0,0,2048,101104,6094848,197132288
1509035223.001103,1103,wc114.localdomain,2,0,198001184,195315680,194524844,0,991588,0,1026844,614912,825268,557356,201576,57556,0,0,0,0,4,0,650464,38964,732456,477636,101056,376580,6768,6984,0,0,0,194041160,1721284,34359738367,0,0,0,0,0,0,0,0,0,0,0,0,2048,76528,6119424,197132288
1509035224.001900,1900,wc112.localdomain,0,0,198001184,193330456,192923936,0,1458640,0,1202700,1011744,932344,559400,270356,452344,0,0,0,0,104,0,756248,47300,735924,1839504,214036,1625468,7328,8580,0,0,0,194041160,1790320,34359738367,0,0,0,0,0,0,0,0,0,0,0,0,2048,86768,5060608,198180864
1509035224.001824,1824,wc115.localdomain,3,0,198001184,195336036,194543672,0,989516,0,1028960,615788,830104,557592,198856,58196,0,0,0,0,4,0,655648,39292,732464,454536,100076,354460,6784,7040,0,0,0,194041160,1597888,34359738367,0,0,0,0,0,0,0,0,0,0,0,0,2048,103152,7141376,196083712
1509035224.001194,1194,wc114.localdomain,2,0,198001184,195308808,194517972,0,991588,0,1034356,614912,832780,557356,201576,57556,0,0,0,0,4,0,658380,38964,732456,477636,101056,376580,6768,6988,0,0,0,194041160,1721284,34359738367,0,0,0,0,0,0,0,0,0,0,0,0,2048,76528,6119424,197132288
1509035224.001718,1718,wc113.localdomain,1,0,198001184,195332788,194540044,0,987096,0,1030956,617240,836000,557560,194956,59680,0,0,0,0,4,0,661064,38908,732460,454836,101732,353104,6784,7256,0,0,0,194041160,1734480,34359738367,0,0,0,0,0,0,0,0,0,0,0,0,2048,101104,6094848,197132288
