#Time,Time_usec,ProducerName,component_id,job_id,MemTotal,MemFree,MemAvailable,Buffers,Cached,SwapCached,Active,Inactive,Active(anon),Inactive(anon),Active(file),Inactive(file),Unevictable,Mlocked,SwapTotal,SwapFree,Dirty,Writeback,AnonPages,Mapped,Shmem,Slab,SReclaimable,SUnreclaim,KernelStack,PageTables,NFS_Unstable,Bounce,WritebackTmp,CommitLimit,Committed_AS,VmallocTotal,VmallocUsed,VmallocChunk,HardwareCorrupted,AnonHugePages,ShmemHugePages,ShmemPmdMapped,CmaTotal,CmaFree,HugePages_Total,HugePages_Free,HugePages_Rsvd,HugePages_Surp,Hugepagesize,DirectMap4k,DirectMap2M,DirectMap1G
1508962401.001280,1280,wc112.localdomain,0,0,198001184,193934240,193249532,0,1094592,0,991256,653836,725676,550444,265580,103392,0,0,0,0,12,0,550548,29740,725612,1807424,203468,1603956,6336,4596,0,0,0,194041160,1549808,34359738367,0,0,0,0,0,0,0,0,0,0,0,0,2048,86768,5060608,198180864
1508962401.000996,996,wc115.localdomain,3,0,198001184,195481548,194682708,0,973296,0,908028,602640,710912,552068,197116,50572,0,0,0,0,4,0,537420,29788,725604,445564,96492,349072,5952,4272,0,0,0,194041160,1504916,34359738367,0,0,0,0,0,0,0,0,0,0,0,0,2048,103152,7141376,196083712
1508962401.001405,1405,wc114.localdomain,2,0,198001184,195453824,194656468,0,975360,0,912632,601880,712840,551912,199792,49968,0,0,0,0,4,0,539200,29344,725596,468656,97392,371264,5952,4284,0,0,0,194041160,1518124,34359738367,0,0,0,0,0,0,0,0,0,0,0,0,2048,76528,6119424,197132288
1508962402.002105,2105,wc115.localdomain,3,0,198001184,195481516,194682676,0,973296,0,908032,602640,710916,552068,197116,50572,0,0,0,0,4,0,537444,29788,725604,445564,96492,349072,5952,4284,0,0,0,194041160,1504916,34359738367,0,0,0,0,0,0,0,0,0,0,0,0,2048,103152,7141376,196083712
1508962402.001388,1388,wc112.localdomain,0,0,198001184,193934272,193249568,0,1094600,0,991268,653844,725688,550444,265580,103400,0,0,0,0,12,0,550588,29740,725612,1807424,203468,1603956,6336,4608,0,0,0,194041160,1549808,34359738367,0,0,0,0,0,0,0,0,0,0,0,0,2048,86768,5060608,198180864
1508962402.001536,1536,wc113.localdomain,1,0,198001184,195481448,194682256,0,970872,0,908132,604112,714944,552032,193188,52080,0,0,0,0,4,0,541420,29428,725600,445112,98204,346908,5920,4532,0,0,0,194041160,1606344,34359738367,0,0,0,0,0,0,0,0,0,0,0,0,2048,101104,6094848,197132288
1508962402.001512,1512,wc114.localdomain,2,0,198001184,195453916,194656564,0,975360,0,912740,601872,712936,551912,199804,49960,0,0,0,0,4,0,539308,29392,725596,468656,97392,371264,5968,4312,0,0,0,194041160,1518124,34359738367,0,0,0,0,0,0,0,0,0,0,0,0,2048,76528,6119424,197132288
1508962403.001495,1495,wc112.localdomain,0,0,198001184,193937004,193252300,0,1094600,0,988444,653544,722560,550444,265884,103100,0,0,0,0,8,0,547448,28440,725612,1807424,203468,1603956,6208,4040,0,0,0,194041160,1549808,34359738367,0,0,0,0,0,0,0,0,0,0,0,0,2048,86768,5060608,198180864
1508962403.001641,1641,wc113.localdomain,1,0,198001184,195484020,194684828,0,970868,0,906240,604096,713052,552016,193188,52080,0,0,0,0,4,0,539508,26200,725596,445000,98204,346796,5888,4172,0,0,0,194041160,1606344,34359738367,0,0,0,0,0,0,0,0,0,0,0,0,2048,101104,6094848,197132288
1508962403.001620,1620,wc114.localdomain,2,0,198001184,195457080,194659728,0,975356,0,910060,601864,710256,551904,199804,49960,0,0,0,0,4,0,536580,25584,725592,468656,97392,371264,5888,3536,0,0,0,194041160,1518124,34359738367,0,0,0,0,0,0,0,0,0,0,0,0,2048,76528,6119424,197132288
1508962403.001214,1214,wc115.localdomain,3,0,198001184,195484448,194685612,0,973292,0,905340,602636,708224,552060,197116,50576,0,0,0,0,4,0,534708,25944,725600,445516,96492,349024,5872,3536,0,0,0,194041160,1504916,34359738367,0,0,0,0,0,0,0,0,0,0,0,0,2048,103152,7141376,196083712
1508962404.001602,1602,wc112.localdomain,0,0,198001184,193936972,193252268,0,1094600,0,988444,653544,722560,550444,265884,103100,0,0,0,0,8,0,547448,28440,725612,1807424,203468,1603956,6208,4040,0,0,0,194041160,1549808,34359738367,0,0,0,0,0,0,0,0,0,0,0,0,2048,86768,5060608,198180864
1508962404.001745,1745,wc113.localdomain,1,0,198001184,195484600,194685408,0,970868,0,905448,604096,712260,552016,193188,52080,0,0,0,0,4,0,538704,25652,725596,445000,98204,346796,5840,3780,0,0,0,194041160,1606344,34359738367,0,0,0,0,0,0,0,0,0,0,0,0,2048,101104,6094848,197132288
1508962404.001324,1324,wc115.localdomain,3,0,198001184,195484572,194685736,0,973292,0,905340,602636,708224,552060,197116,50576,0,0,0,0,4,0,534708,25944,725600,445516,96492,349024,5872,3536,0,0,0,194041160,1504916,34359738367,0,0,0,0,0,0,0,0,0,0,0,0,2048,103152,7141376,196083712
1508962404.001726,1726,wc114.localdomain,2,0,198001184,195457080,194659728,0,975356,0,910060,601864,710256,551904,199804,49960,0,0,0,0,4,0,536580,25584,725592,468656,97392,371264,5888,3536,0,0,0,194041160,1518124,34359738367,0,0,0,0,0,0,0,0,0,0,0,0,2048,76528,6119424,197132288
1508962405.001708,1708,wc112.localdomain,0,0,198001184,193937192,193252488,0,1094604,0,988444,653544,722560,550444,265884,103100,0,0,0,0,12,0,547468,28440,725612,1807424,203468,1603956,6208,4040,0,0,0,194041160,1549808,34359738367,0,0,0,0,0,0,0,0,0,0,0,0,2048,86768,5060608,198180864
1508962405.001850,1850,wc113.localdomain,1,0,198001184,195484848,194685656,0,970868,0,905448,604096,712260,552016,193188,52080,0,0,0,0,4,0,538704,25652,725596,445000,98204,346796,5840,3780,0,0,0,194041160,1606344,34359738367,0,0,0,0,0,0,0,0,0,0,0,0,2048,101104,6094848,197132288
1508962405.001828,1828,wc114.localdomain,2,0,198001184,195457080,194659728,0,975356,0,910060,601864,710256,551904,199804,49960,0,0,0,0,4,0,536580,25584,725592,468656,97392,371264,5888,3536,0,0,0,194041160,1518124,34359738367,0,0,0,0,0,0,0,0,0,0,0,0,2048,76528,6119424,197132288
1508962405.001428,1428,wc115.localdomain,3,0,198001184,195484572,194685736,0,973292,0,905340,602636,708224,552060,197116,50576,0,0,0,0,4,0,534708,25944,725600,445516,96492,349024,5872,3536,0,0,0,194041160,1504916,34359738367,0,0,0,0,0,0,0,0,0,0,0,0,2048,103152,7141376,196083712
1508962406.001930,1930,wc114.localdomain,2,0,198001184,195457080,194659728,0,975356,0,910060,601864,710256,551904,199804,49960,0,0,0,0,4,0,536580,25584,725592,468656,97392,371264,5888,3536,0,0,0,194041160,1518124,34359738367,0,0,0,0,0,0,0,0,0,0,0,0,2048,76528,6119424,197132288
1508962406.001538,1538,wc115.localdomain,3,0,198001184,195484572,194685736,0,973292,0,905340,602636,708224,552060,197116,50576,0,0,0,0,4,0,534708,25944,725600,445516,96492,349024,5872,3536,0,0,0,194041160,1504916,34359738367,0,0,0,0,0,0,0,0,0,0,0,0,2048,103152,7141376,196083712
1508962406.001817,1817,wc112.localdomain,0,0,198001184,193937624,193252920,0,1094604,0,988444,653544,722560,550444,265884,103100,0,0,0,0,12,0,547472,28440,725612,1807424,203468,1603956,6208,4040,0,0,0,194041160,1549808,34359738367,0,0,0,0,0,0,0,0,0,0,0,0,2048,86768,5060608,198180864
1508962406.001954,1954,wc113.localdomain,1,0,198001184,195484972,194685780,0,970868,0,905448,604096,712260,552016,193188,52080,0,0,0,0,4,0,538704,25652,725596,445000,98204,346796,5840,3780,0,0,0,194041160,1606344,34359738367,0,0,0,0,0,0,0,0,0,0,0,0,2048,101104,6094848,197132288
1508962407.001922,1922,wc112.localdomain,0,0,198001184,193937748,193253044,0,1094608,0,988444,653544,722560,550444,265884,103100,0,0,0,0,16,0,547476,28440,725612,1807424,203468,1603956,6208,4040,0,0,0,194041160,1549808,34359738367,0,0,0,0,0,0,0,0,0,0,0,0,2048,86768,5060608,198180864
1508962407.002059,2059,wc113.localdomain,1,0,198001184,195484972,194685780,0,970868,0,905448,604096,712260,552016,193188,52080,0,0,0,0,4,0,538704,25652,725596,445000,98204,346796,5840,3780,0,0,0,194041160,1606344,34359738367,0,0,0,0,0,0,0,0,0,0,0,0,2048,101104,6094848,197132288
1508962407.002037,2037,wc114.localdomain,2,0,198001184,195457080,194659728,0,975356,0,910060,601864,710256,551904,199804,49960,0,0,0,0,4,0,536580,25584,725592,468656,97392,371264,5888,3536,0,0,0,194041160,1518124,34359738367,0,0,0,0,0,0,0,0,0,0,0,0,2048,76528,6119424,197132288
1508962407.001649,1649,wc115.localdomain,3,0,198001184,195485316,194686480,0,973292,0,905340,602636,708224,552060,197116,50576,0,0,0,0,4,0,534708,25944,725600,445512,96492,349020,5872,3536,0,0,0,194041160,1504916,34359738367,0,0,0,0,0,0,0,0,0,0,0,0,2048,103152,7141376,196083712
1508962408.002164,2164,wc113.localdomain,1,0,198001184,195484972,194685780,0,970868,0,905448,604096,712260,552016,193188,52080,0,0,0,0,4,0,538704,25652,725596,445000,98204,346796,5840,3780,0,0,0,194041160,1606344,34359738367,0,0,0,0,0,0,0,0,0,0,0,0,2048,101104,6094848,197132288
1508962408.002001,2001,wc112.localdomain,0,0,198001184,193931936,193248356,0,1096824,0,990936,655460,724976,550444,265960,105016,0,0,0,0,4,0,549812,29776,725612,1809140,203724,1605416,6256,4144,0,0,0,194041160,1499924,34359738367,0,0,0,0,0,0,0,0,0,0,0,0,2048,86768,5060608,198180864
1508962408.001774,1774,wc115.localdomain,3,0,198001184,195485440,194686604,0,973292,0,905340,602636,708224,552060,197116,50576,0,0,0,0,4,0,534708,25944,725600,445512,96492,349020,5872,3536,0,0,0,194041160,1504916,34359738367,0,0,0,0,0,0,0,0,0,0,0,0,2048,103152,7141376,196083712
1508962408.002144,2144,wc114.localdomain,2,0,198001184,195457080,194659728,0,975356,0,910060,601864,710256,551904,199804,49960,0,0,0,0,4,0,536580,25584,725592,468656,97392,371264,5888,3536,0,0,0,194041160,1518124,34359738367,0,0,0,0,0,0,0,0,0,0,0,0,2048,76528,6119424,197132288
1508962409.000533,533,wc112.localdomain,0,0,198001184,193916324,193237836,0,1105464,0,998748,661308,729840,550444,268908,110864,0,0,0,0,4,0,554676,32584,725612,1810892,205108,1605784,6256,4440,0,0,0,194041160,1548356,34359738367,0,0,0,0,0,0,0,0,0,0,0,0,2048,86768,5060608,198180864
1508962409.001272,1272,wc113.localdomain,1,0,198001184,195484972,194685780,0,970868,0,905448,604096,712260,552016,193188,52080,0,0,0,0,4,0,538704,25652,725596,445000,98204,346796,5840,3780,0,0,0,194041160,1606344,34359738367,0,0,0,0,0,0,0,0,0,0,0,0,2048,101104,6094848,197132288
1508962409.001882,1882,wc115.localdomain,3,0,198001184,195485564,194686728,0,973292,0,905340,602636,708224,552060,197116,50576,0,0,0,0,4,0,534708,25944,725600,445512,96492,349020,5872,3536,0,0,0,194041160,1504916,34359738367,0,0,0,0,0,0,0,0,0,0,0,0,2048,103152,7141376,196083712
1508962409.001253,1253,wc114.localdomain,2,0,198001184,195457080,194659728,0,975356,0,910060,601864,710256,551904,199804,49960,0,0,0,0,4,0,536580,25584,725592,468656,97392,371264,5888,3536,0,0,0,194041160,1518124,34359738367,0,0,0,0,0,0,0,0,0,0,0,0,2048,76528,6119424,197132288
1508962410.001669,1669,wc112.localdomain,0,0,198001184,193784472,193108232,0,1113292,0,1111964,667904,841784,556356,270180,111548,0,0,0,0,8,0,667056,44140,731564,1817452,207652,1609800,7296,8784,0,0,0,194041160,1694140,34359738367,0,0,0,0,0,0,0,0,0,0,0,0,2048,86768,5060608,198180864
1508962410.001388,1388,wc114.localdomain,2,0,198001184,195338780,194545492,0,988256,0,1006008,611680,804816,556296,201192,55384,0,0,0,0,4,0,632020,36588,730000,472260,98712,373548,6544,6120,0,0,0,194041160,1615740,34359738367,0,0,0,0,0,0,0,0,0,0,0,0,2048,76528,6119424,197132288
1508962410.001389,1389,wc113.localdomain,1,0,198001184,195366220,194570356,0,982592,0,1000304,613664,806228,555812,194076,57852,0,0,0,0,4,0,633280,35544,729392,445860,98204,347656,6272,6980,0,0,0,194041160,1742720,34359738367,0,0,0,0,0,0,0,0,0,0,0,0,2048,101104,6094848,197132288
1508962410.001884,1884,wc115.localdomain,3,0,198001184,195368688,194575328,0,987264,0,1000644,615196,802112,557432,198532,57764,0,0,0,0,4,0,628492,38924,730968,451808,98844,352964,6768,7684,0,0,0,194041160,1700688,34359738367,0,0,0,0,0,0,0,0,0,0,0,0,2048,103152,7141376,196083712
1508962411.001797,1797,wc112.localdomain,0,0,198001184,193728652,193067732,0,1144380,0,1136544,699056,866364,556868,270180,142188,0,0,0,0,30588,0,691612,44652,732076,1817452,207652,1609800,7296,8828,0,0,0,194041160,1743640,34359738367,0,0,0,0,0,0,0,0,0,0,0,0,2048,86768,5060608,198180864
1508962411.001269,1269,wc113.localdomain,1,0,198001184,195361412,194567668,0,984940,0,1002792,616768,808200,557484,194592,59284,0,0,0,0,4,0,634864,38760,731064,451352,100492,350860,6752,7984,0,0,0,194041160,1742720,34359738367,0,0,0,0,0,0,0,0,0,0,0,0,2048,101104,6094848,197132288
1508962411.001436,1436,wc114.localdomain,2,0,198001184,195334280,194542416,0,989456,0,1008748,614480,807460,557400,201288,57080,0,0,0,0,4,0,634116,38744,731088,475096,99768,375328,6784,7572,0,0,0,194041160,1615740,34359738367,0,0,0,0,0,0,0,0,0,0,0,0,2048,76528,6119424,197132288
1508962411.001083,1083,wc115.localdomain,3,0,198001184,195362792,194569436,0,987384,0,1004404,615296,805872,557532,198532,57764,0,0,0,0,4,0,632624,39044,731088,451816,98852,352964,6768,7736,0,0,0,194041160,1700688,34359738367,0,0,0,0,0,0,0,0,0,0,0,0,2048,103152,7141376,196083712
1508962412.001938,1938,wc112.localdomain,0,0,198001184,193683364,193043024,0,1186252,0,1140204,741108,870024,557904,270180,183204,0,0,0,0,71444,0,695016,45668,733092,1818692,207796,1610896,7296,8912,0,0,0,194041160,1743640,34359738367,0,0,0,0,0,0,0,0,0,0,0,0,2048,86768,5060608,198180864
1508962412.001310,1310,wc113.localdomain,1,0,198001184,195360712,194566968,0,985048,0,1006708,616876,812116,557592,194592,59284,0,0,0,0,4,0,638692,38868,731172,451352,100492,350860,6752,8020,0,0,0,194041160,1742720,34359738367,0,0,0,0,0,0,0,0,0,0,0,0,2048,101104,6094848,197132288
1508962412.001496,1496,wc114.localdomain,2,0,198001184,195334556,194542692,0,989524,0,1010988,614528,809700,557448,201288,57080,0,0,0,0,4,0,636288,38812,731156,475096,99768,375328,6784,7588,0,0,0,194041160,1615740,34359738367,0,0,0,0,0,0,0,0,0,0,0,0,2048,76528,6119424,197132288
1508962412.001221,1221,wc115.localdomain,3,0,198001184,195362860,194569504,0,987528,0,1006472,615440,807940,557676,198532,57764,0,0,0,0,4,0,634780,39188,731232,451816,98852,352964,6768,7780,0,0,0,194041160,1700688,34359738367,0,0,0,0,0,0,0,0,0,0,0,0,2048,103152,7141376,196083712
1508962413.002039,2039,wc112.localdomain,0,0,198001184,193639608,193019812,0,1227288,0,1142816,782188,872636,557992,270180,224196,0,0,0,0,112408,0,697776,45740,733164,1820068,207892,1612176,7200,8444,0,0,0,194041160,1743640,34359738367,0,0,0,0,0,0,0,0,0,0,0,0,2048,86768,5060608,198180864
1508962413.001876,1876,wc113.localdomain,1,0,198001184,195359724,194565980,0,985124,0,1007484,616952,812892,557668,194592,59284,0,0,0,0,4,0,639624,38816,731248,451352,100492,350860,6720,7848,0,0,0,194041160,1742720,34359738367,0,0,0,0,0,0,0,0,0,0,0,0,2048,101104,6094848,197132288
1508962413.001645,1645,wc114.localdomain,2,0,198001184,195333124,194541260,0,989612,0,1011864,614628,810576,557548,201288,57080,0,0,0,0,4,0,637220,38892,731244,475096,99768,375328,6720,7276,0,0,0,194041160,1615740,34359738367,0,0,0,0,0,0,0,0,0,0,0,0,2048,76528,6119424,197132288
1508962413.001691,1691,wc115.localdomain,3,0,198001184,195362296,194568940,0,987548,0,1006412,615476,807880,557712,198532,57764,0,0,0,0,4,0,634680,39208,731252,451748,98852,352896,6624,7032,0,0,0,194041160,1700688,34359738367,0,0,0,0,0,0,0,0,0,0,0,0,2048,103152,7141376,196083712
1508962414.002087,2087,wc112.localdomain,0,0,198001184,193595768,193009036,0,1278592,0,1133352,833336,863172,557996,270180,275340,0,0,0,0,163712,0,687792,45740,733164,1822128,207972,1614156,7200,8448,0,0,0,194041160,1743640,34359738367,0,0,0,0,0,0,0,0,0,0,0,0,2048,86768,5060608,198180864
1508962414.002026,2026,wc113.localdomain,1,0,198001184,195359348,194565604,0,985124,0,1007904,616952,813312,557668,194592,59284,0,0,0,0,4,0,640100,38944,731248,451352,100492,350860,6608,7220,0,0,0,194041160,1742720,34359738367,0,0,0,0,0,0,0,0,0,0,0,0,2048,101104,6094848,197132288
1508962414.001397,1397,wc114.localdomain,2,0,198001184,195332180,194540316,0,989612,0,1012708,614636,811420,557556,201288,57080,0,0,0,0,4,0,638040,38900,731244,475096,99768,375328,6656,6960,0,0,0,194041160,1615740,34359738367,0,0,0,0,0,0,0,0,0,0,0,0,2048,76528,6119424,197132288
1508962414.001757,1757,wc115.localdomain,3,0,198001184,195360468,194567112,0,987548,0,1007756,615476,809224,557712,198532,57764,0,0,0,0,4,0,636008,39208,731252,451748,98852,352896,6624,7036,0,0,0,194041160,1700688,34359738367,0,0,0,0,0,0,0,0,0,0,0,0,2048,103152,7141376,196083712
1508962415.001806,1806,wc115.localdomain,3,0,198001184,195358736,194565380,0,987548,0,1009156,615476,810624,557712,198532,57764,0,0,0,0,4,0,637456,39208,731252,451748,98852,352896,6624,7036,0,0,0,194041160,1700688,34359738367,0,0,0,0,0,0,0,0,0,0,0,0,2048,103152,7141376,196083712
1508962415.000551,551,wc112.localdomain,0,0,198001184,193545596,192989652,0,1309592,0,1150320,864084,880140,557996,270180,306088,0,0,0,0,194712,0,705192,45740,733164,1823172,208052,1615120,7200,8456,0,0,0,194041160,1743640,34359738367,0,0,0,0,0,0,0,0,0,0,0,0,2048,86768,5060608,198180864
1508962415.001822,1822,wc113.localdomain,1,0,198001184,195358112,194564368,0,985124,0,1009080,616952,814488,557668,194592,59284,0,0,0,0,4,0,641256,38944,731248,451344,100492,350852,6608,7224,0,0,0,194041160,1742720,34359738367,0,0,0,0,0,0,0,0,0,0,0,0,2048,101104,6094848,197132288
1508962415.001409,1409,wc114.localdomain,2,0,198001184,195331340,194539476,0,989612,0,1014052,614636,812764,557556,201288,57080,0,0,0,0,4,0,639376,38900,731244,475096,99768,375328,6656,6972,0,0,0,194041160,1615740,34359738367,0,0,0,0,0,0,0,0,0,0,0,0,2048,76528,6119424,197132288
1508962416.001672,1672,wc112.localdomain,0,0,198001184,193514224,192999288,0,1350556,0,1139692,905044,869512,557996,270180,347048,0,0,0,0,235676,0,694968,45740,733164,1824388,208148,1616240,7200,8468,0,0,0,194041160,1743640,34359738367,0,0,0,0,0,0,0,0,0,0,0,0,2048,86768,5060608,198180864
1508962416.002072,2072,wc114.localdomain,2,0,198001184,195331344,194539480,0,989612,0,1015228,614636,813940,557556,201288,57080,0,0,0,0,4,0,640548,38900,731244,475096,99768,375328,6656,6972,0,0,0,194041160,1615740,34359738367,0,0,0,0,0,0,0,0,0,0,0,0,2048,76528,6119424,197132288
1508962416.002997,2997,wc113.localdomain,1,0,198001184,195357860,194564116,0,985124,0,1010424,616952,815832,557668,194592,59284,0,0,0,0,4,0,642520,38944,731248,451344,100492,350852,6608,7232,0,0,0,194041160,1742720,34359738367,0,0,0,0,0,0,0,0,0,0,0,0,2048,101104,6094848,197132288
1508962416.001670,1670,wc115.localdomain,3,0,198001184,195357620,194564264,0,987548,0,1010220,615476,811688,557712,198532,57764,0,0,0,0,4,0,638580,39208,731252,451748,98852,352896,6624,7040,0,0,0,194041160,1700688,34359738367,0,0,0,0,0,0,0,0,0,0,0,0,2048,103152,7141376,196083712
1508962417.002287,2287,wc112.localdomain,0,0,198001184,193454832,192980904,0,1391516,0,1157268,946004,887088,557996,270180,388008,0,0,0,0,276636,0,712344,45740,733164,1825732,208244,1617488,7200,8472,0,0,0,194041160,1743640,34359738367,0,0,0,0,0,0,0,0,0,0,0,0,2048,86768,5060608,198180864
1508962417.002081,2081,wc113.localdomain,1,0,198001184,195354476,194560732,0,985124,0,1011600,616952,817008,557668,194592,59284,0,0,0,0,4,0,643736,38944,731248,451344,100492,350852,6608,7236,0,0,0,194041160,1742720,34359738367,0,0,0,0,0,0,0,0,0,0,0,0,2048,101104,6094848,197132288
1508962417.002107,2107,wc114.localdomain,2,0,198001184,195328636,194536772,0,989612,0,1016460,614636,815172,557556,201288,57080,0,0,0,0,4,0,641812,38900,731244,475096,99768,375328,6656,6976,0,0,0,194041160,1615740,34359738367,0,0,0,0,0,0,0,0,0,0,0,0,2048,76528,6119424,197132288
1508962417.001801,1801,wc115.localdomain,3,0,198001184,195356548,194563192,0,987548,0,1011620,615476,813088,557712,198532,57764,0,0,0,0,4,0,639920,39208,731252,451748,98852,352896,6624,7040,0,0,0,194041160,1700688,34359738367,0,0,0,0,0,0,0,0,0,0,0,0,2048,103152,7141376,196083712
1508962418.001254,1254,wc112.localdomain,0,0,198001184,193414040,192991372,0,1442716,0,1147964,997208,877784,557996,270180,439212,0,0,0,0,221288,0,703116,45740,733164,1825012,208356,1616656,7216,8476,0,0,0,194041160,1743640,34359738367,0,0,0,0,0,0,0,0,0,0,0,0,2048,86768,5060608,198180864
1508962418.001219,1219,wc113.localdomain,1,0,198001184,195353668,194559924,0,985124,0,1013336,616952,818744,557668,194592,59284,0,0,0,0,4,0,645480,38944,731248,451344,100492,350852,6608,7244,0,0,0,194041160,1742720,34359738367,0,0,0,0,0,0,0,0,0,0,0,0,2048,101104,6094848,197132288
1508962418.001857,1857,wc115.localdomain,3,0,198001184,195356684,194563328,0,987548,0,1013300,615476,814768,557712,198532,57764,0,0,0,0,4,0,641496,39208,731252,451748,98852,352896,6624,7040,0,0,0,194041160,1700688,34359738367,0,0,0,0,0,0,0,0,0,0,0,0,2048,103152,7141376,196083712
1508962418.000901,901,wc114.localdomain,2,0,198001184,195329220,194537356,0,989612,0,1017916,614636,816628,557556,201288,57080,0,0,0,0,4,0,643300,38900,731244,475096,99768,375328,6656,6976,0,0,0,194041160,1615740,34359738367,0,0,0,0,0,0,0,0,0,0,0,0,2048,76528,6119424,197132288
1508962419.001406,1406,wc112.localdomain,0,0,198001184,193357380,192985932,0,1493672,0,1152148,1048380,881968,557996,270180,490384,0,0,0,0,272252,0,706940,45740,733164,1825980,208452,1617528,7216,8452,0,0,0,194041160,1743640,34359738367,0,0,0,0,0,0,0,0,0,0,0,0,2048,86768,5060608,198180864
1508962419.001363,1363,wc113.localdomain,1,0,198001184,195351800,194558056,0,985124,0,1014568,616952,819976,557668,194592,59284,0,0,0,0,4,0,646688,38944,731248,451344,100492,350852,6608,7244,0,0,0,194041160,1742720,34359738367,0,0,0,0,0,0,0,0,0,0,0,0,2048,101104,6094848,197132288
1508962419.002506,2506,wc114.localdomain,2,0,198001184,195327000,194535136,0,989612,0,1019204,614636,817916,557556,201288,57080,0,0,0,0,4,0,644612,38900,731244,475096,99768,375328,6656,6980,0,0,0,194041160,1615740,34359738367,0,0,0,0,0,0,0,0,0,0,0,0,2048,76528,6119424,197132288
1508962419.001857,1857,wc115.localdomain,3,0,198001184,195353080,194559724,0,987548,0,1014756,615476,816224,557712,198532,57764,0,0,0,0,4,0,642828,39208,731252,451748,98852,352896,6624,7044,0,0,0,194041160,1700688,34359738367,0,0,0,0,0,0,0,0,0,0,0,0,2048,103152,7141376,196083712
1508962420.001472,1472,wc112.localdomain,0,0,198001184,193297152,192956612,0,1524564,0,1155848,1079216,885668,557996,270180,521220,0,0,0,0,968,237332,710500,45740,733164,1852524,208596,1643928,7216,8460,0,0,0,194041160,1743640,34359738367,0,0,0,0,0,0,0,0,0,0,0,0,2048,86768,5060608,198180864
1508962420.002053,2053,wc114.localdomain,2,0,198001184,195326612,194534748,0,989612,0,1020832,614636,819544,557556,201288,57080,0,0,0,0,4,0,646144,38900,731244,475096,99768,375328,6656,6980,0,0,0,194041160,1615740,34359738367,0,0,0,0,0,0,0,0,0,0,0,0,2048,76528,6119424,197132288
1508962420.001850,1850,wc115.localdomain,3,0,198001184,195352780,194559424,0,987548,0,1016268,615476,817736,557712,198532,57764,0,0,0,0,4,0,644412,39208,731252,451748,98852,352896,6624,7048,0,0,0,194041160,1700688,34359738367,0,0,0,0,0,0,0,0,0,0,0,0,2048,103152,7141376,196083712
1508962420.001574,1574,wc113.localdomain,1,0,198001184,195352368,194558624,0,985124,0,1016136,616952,821544,557668,194592,59284,0,0,0,0,4,0,648264,38944,731248,451344,100492,350852,6608,7244,0,0,0,194041160,1742720,34359738367,0,0,0,0,0,0,0,0,0,0,0,0,2048,101104,6094848,197132288
1508962421.001550,1550,wc112.localdomain,0,0,198001184,193321848,192981308,0,1524564,0,1155848,1079216,885668,557996,270180,521220,0,0,0,0,0,56212,710500,45740,733164,1828312,208596,1619716,7216,8460,0,0,0,194041160,1743640,34359738367,0,0,0,0,0,0,0,0,0,0,0,0,2048,86768,5060608,198180864
1508962421.001291,1291,wc113.localdomain,1,0,198001184,195352776,194559032,0,985124,0,1016416,616952,821824,557668,194592,59284,0,0,0,0,4,0,648620,38944,731248,451344,100492,350852,6608,7244,0,0,0,194041160,1742720,34359738367,0,0,0,0,0,0,0,0,0,0,0,0,2048,101104,6094848,197132288
1508962421.001567,1567,wc114.localdomain,2,0,198001184,195326284,194534420,0,989612,0,1021392,614636,820104,557556,201288,57080,0,0,0,0,4,0,646636,38900,731244,475096,99768,375328,6656,6980,0,0,0,194041160,1615740,34359738367,0,0,0,0,0,0,0,0,0,0,0,0,2048,76528,6119424,197132288
1508962421.001015,1015,wc115.localdomain,3,0,198001184,195353352,194559996,0,987548,0,1016492,615476,817960,557712,198532,57764,0,0,0,0,4,0,644636,39208,731252,451748,98852,352896,6624,7048,0,0,0,194041160,1700688,34359738367,0,0,0,0,0,0,0,0,0,0,0,0,2048,103152,7141376,196083712
1508962422.001813,1813,wc115.localdomain,3,0,198001184,195347468,194554112,0,987548,0,1019468,615476,820936,557712,198532,57764,0,0,0,0,4,0,647828,39208,731252,451748,98852,352896,6624,7064,0,0,0,194041160,1700688,34359738367,0,0,0,0,0,0,0,0,0,0,0,0,2048,103152,7141376,196083712
1508962422.001267,1267,wc114.localdomain,2,0,198001184,195319076,194527212,0,989612,0,1026480,614636,825192,557556,201288,57080,0,0,0,0,4,0,651736,38900,731244,475096,99768,375328,6656,6980,0,0,0,194041160,1615740,34359738367,0,0,0,0,0,0,0,0,0,0,0,0,2048,76528,6119424,197132288
1508962422.001387,1387,wc113.localdomain,1,0,198001184,195344688,194550944,0,985124,0,1021604,616952,827012,557668,194592,59284,0,0,0,0,4,0,653844,38944,731248,451344,100492,350852,6608,7244,0,0,0,194041160,1742720,34359738367,0,0,0,0,0,0,0,0,0,0,0,0,2048,101104,6094848,197132288
1508962422.001652,1652,wc112.localdomain,0,0,198001184,193632152,193002432,0,1209156,0,1167392,763808,897212,559544,270180,204264,0,0,0,0,44,0,721624,47288,734712,1819348,207972,1611376,7264,8548,0,0,0,194041160,1743640,34359738367,0,0,0,0,0,0,0,0,0,0,0,0,2048,86768,5060608,198180864
1508962423.001712,1712,wc112.localdomain,0,0,198001184,193397736,192955212,0,1424200,0,1184864,978852,914684,559544,270180,419308,0,0,0,0,48,0,740068,47288,734712,1820404,208452,1611952,7280,8596,0,0,0,194041160,1792004,34359738367,0,0,0,0,0,0,0,0,0,0,0,0,2048,86768,5060608,198180864
1508962423.001857,1857,wc115.localdomain,3,0,198001184,195340880,194547524,0,987548,0,1027184,615476,828652,557712,198532,57764,0,0,0,0,4,0,655136,39208,731252,451748,98852,352896,6624,7072,0,0,0,194041160,1700688,34359738367,0,0,0,0,0,0,0,0,0,0,0,0,2048,103152,7141376,196083712
1508962423.001295,1295,wc114.localdomain,2,0,198001184,195314004,194522140,0,989612,0,1030624,614636,829336,557556,201288,57080,0,0,0,0,4,0,655668,38900,731244,475096,99768,375328,6656,6992,0,0,0,194041160,1615740,34359738367,0,0,0,0,0,0,0,0,0,0,0,0,2048,76528,6119424,197132288
1508962423.001518,1518,wc113.localdomain,1,0,198001184,195337300,194543588,0,985124,0,1028940,616952,834348,557668,194592,59284,0,0,0,0,4,0,661056,38944,731248,451408,100556,350852,6608,7252,0,0,0,194041160,1742720,34359738367,0,0,0,0,0,0,0,0,0,0,0,0,2048,101104,6094848,197132288
