#Time,Time_usec,ProducerName,component_id,job_id,MemTotal,MemFree,MemAvailable,Buffers,Cached,SwapCached,Active,Inactive,Active(anon),Inactive(anon),Active(file),Inactive(file),Unevictable,Mlocked,SwapTotal,SwapFree,Dirty,Writeback,AnonPages,Mapped,Shmem,Slab,SReclaimable,SUnreclaim,KernelStack,PageTables,NFS_Unstable,Bounce,WritebackTmp,CommitLimit,Committed_AS,VmallocTotal,VmallocUsed,VmallocChunk,HardwareCorrupted,AnonHugePages,ShmemHugePages,ShmemPmdMapped,CmaTotal,CmaFree,HugePages_Total,HugePages_Free,HugePages_Rsvd,HugePages_Surp,Hugepagesize,DirectMap4k,DirectMap2M,DirectMap1G
1508963260.001984,1984,wc112.localdomain,0,0,198001184,193931124,193246556,0,1094780,0,994768,653840,729032,550412,265736,103428,0,0,0,0,8,0,552656,30740,725616,1807660,203556,1604104,6336,5996,0,0,0,194041160,1607708,34359738367,0,0,0,0,0,0,0,0,0,0,0,0,2048,86768,5060608,198180864
1508963260.001382,1382,wc114.localdomain,2,0,198001184,195455568,194658280,0,975396,0,912824,601784,712932,551876,199892,49908,0,0,0,0,4,0,539320,29304,725596,468612,97488,371124,5968,4296,0,0,0,194041160,1518488,34359738367,0,0,0,0,0,0,0,0,0,0,0,0,2048,76528,6119424,197132288
1508963260.001971,1971,wc115.localdomain,3,0,198001184,195482004,194683204,0,973340,0,908088,602592,710924,552060,197164,50532,0,0,0,0,4,0,537460,29664,725604,445456,96564,348892,5968,4308,0,0,0,194041160,1695760,34359738367,0,0,0,0,0,0,0,0,0,0,0,0,2048,103152,7141376,196083712
1508963260.001955,1955,wc113.localdomain,1,0,198001184,195478980,194679876,0,970912,0,908260,604024,714988,551984,193272,52040,0,0,0,0,4,0,541444,29388,725600,446280,98340,347940,5952,4564,0,0,0,194041160,1706264,34359738367,0,0,0,0,0,0,0,0,0,0,0,0,2048,101104,6094848,197132288
1508963261.002080,2080,wc112.localdomain,0,0,198001184,193936320,193251780,0,1094804,0,988432,653720,722552,550408,265880,103312,0,0,0,0,8,0,547412,28384,725612,1807740,203588,1604152,6176,4040,0,0,0,194041160,1607708,34359738367,0,0,0,0,0,0,0,0,0,0,0,0,2048,86768,5060608,198180864
1508963261.001449,1449,wc114.localdomain,2,0,198001184,195457788,194660500,0,975392,0,911252,601744,711360,551836,199892,49908,0,0,0,0,4,0,537704,26868,725592,468604,97488,371116,5952,3968,0,0,0,194041160,1518488,34359738367,0,0,0,0,0,0,0,0,0,0,0,0,2048,76528,6119424,197132288
1508963261.002061,2061,wc113.localdomain,1,0,198001184,195481988,194682884,0,970908,0,905876,604020,712604,551980,193272,52040,0,0,0,0,4,0,539024,26460,725596,446280,98340,347940,5888,3828,0,0,0,194041160,1706264,34359738367,0,0,0,0,0,0,0,0,0,0,0,0,2048,101104,6094848,197132288
1508963261.001823,1823,wc115.localdomain,3,0,198001184,195482376,194683576,0,973340,0,907660,602592,710496,552060,197164,50532,0,0,0,0,4,0,537032,29200,725604,445456,96564,348892,5952,4260,0,0,0,194041160,1695760,34359738367,0,0,0,0,0,0,0,0,0,0,0,0,2048,103152,7141376,196083712
1508963262.001186,1186,wc112.localdomain,0,0,198001184,193936476,193251936,0,1094808,0,988436,653720,722556,550408,265880,103312,0,0,0,0,12,0,547412,28408,725612,1807740,203588,1604152,6176,4032,0,0,0,194041160,1607708,34359738367,0,0,0,0,0,0,0,0,0,0,0,0,2048,86768,5060608,198180864
1508963262.001472,1472,wc114.localdomain,2,0,198001184,195458084,194660796,0,975392,0,911252,601744,711360,551836,199892,49908,0,0,0,0,4,0,537704,26868,725592,468604,97488,371116,5952,3968,0,0,0,194041160,1518488,34359738367,0,0,0,0,0,0,0,0,0,0,0,0,2048,76528,6119424,197132288
1508963262.001166,1166,wc113.localdomain,1,0,198001184,195480624,194681520,0,970908,0,906740,604020,713468,551980,193272,52040,0,0,0,0,4,0,539904,26460,725596,446292,98340,347952,6016,4532,0,0,0,194041160,1706264,34359738367,0,0,0,0,0,0,0,0,0,0,0,0,2048,101104,6094848,197132288
1508963262.001914,1914,wc115.localdomain,3,0,198001184,195484796,194685996,0,973336,0,905364,602588,708200,552056,197164,50532,0,0,0,0,4,0,534704,25960,725600,445456,96564,348892,5888,3536,0,0,0,194041160,1695760,34359738367,0,0,0,0,0,0,0,0,0,0,0,0,2048,103152,7141376,196083712
1508963263.001293,1293,wc112.localdomain,0,0,198001184,193936756,193252216,0,1094808,0,988436,653720,722556,550408,265880,103312,0,0,0,0,12,0,547420,28408,725612,1807740,203588,1604152,6176,4032,0,0,0,194041160,1607708,34359738367,0,0,0,0,0,0,0,0,0,0,0,0,2048,86768,5060608,198180864
1508963263.001584,1584,wc114.localdomain,2,0,198001184,195458860,194661572,0,975392,0,910176,601744,710284,551836,199892,49908,0,0,0,0,4,0,536580,25584,725592,468500,97488,371012,5888,3524,0,0,0,194041160,1518488,34359738367,0,0,0,0,0,0,0,0,0,0,0,0,2048,76528,6119424,197132288
1508963263.001569,1569,wc115.localdomain,3,0,198001184,195484796,194685996,0,973336,0,905364,602588,708200,552056,197164,50532,0,0,0,0,4,0,534704,25960,725600,445456,96564,348892,5888,3536,0,0,0,194041160,1695760,34359738367,0,0,0,0,0,0,0,0,0,0,0,0,2048,103152,7141376,196083712
1508963263.001271,1271,wc113.localdomain,1,0,198001184,195481244,194682140,0,970908,0,906628,604020,713356,551980,193272,52040,0,0,0,0,4,0,539788,25676,725596,446292,98340,347952,6000,4524,0,0,0,194041160,1706264,34359738367,0,0,0,0,0,0,0,0,0,0,0,0,2048,101104,6094848,197132288
1508963264.001401,1401,wc112.localdomain,0,0,198001184,193937096,193252556,0,1094808,0,988436,653720,722556,550408,265880,103312,0,0,0,0,12,0,547428,28408,725612,1807740,203588,1604152,6176,4032,0,0,0,194041160,1607708,34359738367,0,0,0,0,0,0,0,0,0,0,0,0,2048,86768,5060608,198180864
1508963264.001676,1676,wc115.localdomain,3,0,198001184,195484920,194686120,0,973336,0,905364,602588,708200,552056,197164,50532,0,0,0,0,4,0,534704,25960,725600,445456,96564,348892,5888,3536,0,0,0,194041160,1695760,34359738367,0,0,0,0,0,0,0,0,0,0,0,0,2048,103152,7141376,196083712
1508963264.001684,1684,wc114.localdomain,2,0,198001184,195458860,194661572,0,975392,0,910176,601744,710284,551836,199892,49908,0,0,0,0,4,0,536580,25584,725592,468500,97488,371012,5888,3524,0,0,0,194041160,1518488,34359738367,0,0,0,0,0,0,0,0,0,0,0,0,2048,76528,6119424,197132288
1508963264.001377,1377,wc113.localdomain,1,0,198001184,195481244,194682140,0,970908,0,906628,604020,713356,551980,193272,52040,0,0,0,0,4,0,539788,25676,725596,446292,98340,347952,6000,4524,0,0,0,194041160,1706264,34359738367,0,0,0,0,0,0,0,0,0,0,0,0,2048,101104,6094848,197132288
1508963265.001787,1787,wc114.localdomain,2,0,198001184,195458860,194661572,0,975392,0,910176,601744,710284,551836,199892,49908,0,0,0,0,4,0,536580,25584,725592,468500,97488,371012,5888,3524,0,0,0,194041160,1518488,34359738367,0,0,0,0,0,0,0,0,0,0,0,0,2048,76528,6119424,197132288
1508963265.001505,1505,wc112.localdomain,0,0,198001184,193937096,193252556,0,1094808,0,988436,653720,722556,550408,265880,103312,0,0,0,0,12,0,547432,28408,725612,1807740,203588,1604152,6176,4032,0,0,0,194041160,1607708,34359738367,0,0,0,0,0,0,0,0,0,0,0,0,2048,86768,5060608,198180864
1508963265.001487,1487,wc113.localdomain,1,0,198001184,195481988,194682884,0,970908,0,905588,604020,712316,551980,193272,52040,0,0,0,0,4,0,538708,25676,725596,446236,98340,347896,5872,3788,0,0,0,194041160,1706264,34359738367,0,0,0,0,0,0,0,0,0,0,0,0,2048,101104,6094848,197132288
1508963265.001781,1781,wc115.localdomain,3,0,198001184,195484920,194686120,0,973336,0,905364,602588,708200,552056,197164,50532,0,0,0,0,4,0,534704,25960,725600,445456,96564,348892,5888,3536,0,0,0,194041160,1695760,34359738367,0,0,0,0,0,0,0,0,0,0,0,0,2048,103152,7141376,196083712
1508963266.001895,1895,wc114.localdomain,2,0,198001184,195458860,194661572,0,975392,0,910176,601744,710284,551836,199892,49908,0,0,0,0,4,0,536580,25584,725592,468500,97488,371012,5888,3524,0,0,0,194041160,1518488,34359738367,0,0,0,0,0,0,0,0,0,0,0,0,2048,76528,6119424,197132288
1508963266.001613,1613,wc112.localdomain,0,0,198001184,193937220,193252680,0,1094812,0,988436,653720,722556,550408,265880,103312,0,0,0,0,16,0,547436,28408,725612,1807740,203588,1604152,6176,4032,0,0,0,194041160,1607708,34359738367,0,0,0,0,0,0,0,0,0,0,0,0,2048,86768,5060608,198180864
1508963266.001594,1594,wc113.localdomain,1,0,198001184,195481988,194682884,0,970908,0,905588,604020,712316,551980,193272,52040,0,0,0,0,4,0,538708,25676,725596,446232,98340,347892,5872,3788,0,0,0,194041160,1706264,34359738367,0,0,0,0,0,0,0,0,0,0,0,0,2048,101104,6094848,197132288
1508963266.001894,1894,wc115.localdomain,3,0,198001184,195484920,194686120,0,973336,0,905364,602588,708200,552056,197164,50532,0,0,0,0,4,0,534704,25960,725600,445456,96564,348892,5888,3536,0,0,0,194041160,1695760,34359738367,0,0,0,0,0,0,0,0,0,0,0,0,2048,103152,7141376,196083712
1508963267.002003,2003,wc114.localdomain,2,0,198001184,195458984,194661696,0,975392,0,910176,601744,710284,551836,199892,49908,0,0,0,0,4,0,536580,25584,725592,468500,97488,371012,5888,3524,0,0,0,194041160,1518488,34359738367,0,0,0,0,0,0,0,0,0,0,0,0,2048,76528,6119424,197132288
1508963267.002002,2002,wc115.localdomain,3,0,198001184,195485044,194686244,0,973336,0,905364,602588,708200,552056,197164,50532,0,0,0,0,4,0,534704,25960,725600,445456,96564,348892,5888,3536,0,0,0,194041160,1695760,34359738367,0,0,0,0,0,0,0,0,0,0,0,0,2048,103152,7141376,196083712
1508963267.001726,1726,wc112.localdomain,0,0,198001184,193922580,193240424,0,1098244,0,998072,656524,731576,550408,266496,106116,0,0,0,0,16,0,556436,30604,725612,1810656,204932,1605724,6224,4388,0,0,0,194041160,1556364,34359738367,0,0,0,0,0,0,0,0,0,0,0,0,2048,86768,5060608,198180864
1508963267.001700,1700,wc113.localdomain,1,0,198001184,195482112,194683008,0,970908,0,905588,604020,712316,551980,193272,52040,0,0,0,0,4,0,538708,25676,725596,446232,98340,347892,5872,3788,0,0,0,194041160,1706264,34359738367,0,0,0,0,0,0,0,0,0,0,0,0,2048,101104,6094848,197132288
1508963268.001941,1941,wc112.localdomain,0,0,198001184,193892200,193215056,0,1106756,0,1016612,661264,746324,550408,270288,110856,0,0,0,0,16,0,571692,35896,725612,1814312,206428,1607884,6800,7004,0,0,0,194041160,1654772,34359738367,0,0,0,0,0,0,0,0,0,0,0,0,2048,86768,5060608,198180864
1508963268.002114,2114,wc114.localdomain,2,0,198001184,195434680,194640060,0,981972,0,920464,605700,719240,551836,201224,53864,0,0,0,0,4,0,545600,29056,725592,468564,97536,371028,5992,6744,0,0,0,194041160,1567344,34359738367,0,0,0,0,0,0,0,0,0,0,0,0,2048,76528,6119424,197132288
1508963268.001835,1835,wc115.localdomain,3,0,198001184,195463120,194667496,0,980308,0,915364,607564,716852,552056,198512,55508,0,0,0,0,4,0,543320,30036,725600,445992,96588,349404,5968,5236,0,0,0,194041160,1745640,34359738367,0,0,0,0,0,0,0,0,0,0,0,0,2048,103152,7141376,196083712
1508963268.001808,1808,wc113.localdomain,1,0,198001184,195459964,194664280,0,978836,0,916344,609328,721740,551980,194604,57348,0,0,0,0,4,0,548312,29612,725596,446484,98540,347944,5872,6352,0,0,0,194041160,1752444,34359738367,0,0,0,0,0,0,0,0,0,0,0,0,2048,101104,6094848,197132288
1508963269.002031,2031,wc112.localdomain,0,0,198001184,193757656,193086736,0,1123744,0,1127104,678476,856816,556588,270288,121888,0,0,0,0,10016,0,682060,44416,731820,1817900,207844,1610056,7232,8764,0,0,0,194041160,1751836,34359738367,0,0,0,0,0,0,0,0,0,0,0,0,2048,86768,5060608,198180864
1508963269.000954,954,wc115.localdomain,3,0,198001184,195363724,194570436,0,987416,0,1003420,615004,804552,557524,198868,57480,0,0,0,0,4,0,631424,39104,731068,451656,98932,352724,6768,7648,0,0,0,194041160,1745640,34359738367,0,0,0,0,0,0,0,0,0,0,0,0,2048,103152,7141376,196083712
1508963269.001045,1045,wc113.localdomain,1,0,198001184,195359820,194566180,0,984808,0,1002084,616500,807392,557360,194692,59140,0,0,0,0,4,0,634108,38540,730976,452652,100748,351904,6720,7896,0,0,0,194041160,1802196,34359738367,0,0,0,0,0,0,0,0,0,0,0,0,2048,101104,6094848,197132288
1508963269.000331,331,wc114.localdomain,2,0,198001184,195337064,194545244,0,989424,0,1006184,614332,804848,557264,201336,57068,0,0,0,0,4,0,631352,38704,731020,474792,99816,374976,6736,7332,0,0,0,194041160,1567344,34359738367,0,0,0,0,0,0,0,0,0,0,0,0,2048,76528,6119424,197132288
1508963270.002146,2146,wc112.localdomain,0,0,198001184,193718464,193062864,0,1156176,0,1136392,710360,866104,557836,270288,152524,0,0,0,0,41224,0,691564,45640,733044,1817900,207844,1610056,7232,8824,0,0,0,194041160,1751836,34359738367,0,0,0,0,0,0,0,0,0,0,0,0,2048,86768,5060608,198180864
1508963270.002136,2136,wc113.localdomain,1,0,198001184,195359804,194566236,0,985028,0,1005720,616720,811028,557496,194692,59224,0,0,0,0,4,0,637652,38824,731112,452864,100804,352060,6752,8068,0,0,0,194041160,1802196,34359738367,0,0,0,0,0,0,0,0,0,0,0,0,2048,101104,6094848,197132288
1508963270.001406,1406,wc114.localdomain,2,0,198001184,195337872,194546052,0,989488,0,1009300,614396,807964,557328,201336,57068,0,0,0,0,4,0,634548,38768,731084,474792,99816,374976,6736,7388,0,0,0,194041160,1567344,34359738367,0,0,0,0,0,0,0,0,0,0,0,0,2048,76528,6119424,197132288
1508963270.001626,1626,wc115.localdomain,3,0,198001184,195361960,194568672,0,987504,0,1004764,615092,805896,557612,198868,57480,0,0,0,0,4,0,632864,39192,731156,451656,98932,352724,6768,7656,0,0,0,194041160,1745640,34359738367,0,0,0,0,0,0,0,0,0,0,0,0,2048,103152,7141376,196083712
1508963271.000528,528,wc112.localdomain,0,0,198001184,193671112,193041220,0,1207392,0,1130244,761708,859956,557928,270288,203780,0,0,0,0,92320,0,684700,45760,733164,1819880,208004,1611876,7232,8844,0,0,0,194041160,1751836,34359738367,0,0,0,0,0,0,0,0,0,0,0,0,2048,86768,5060608,198180864
1508963271.001508,1508,wc114.localdomain,2,0,198001184,195334916,194543096,0,989596,0,1011072,614504,809736,557436,201336,57068,0,0,0,0,4,0,636240,38876,731192,474792,99816,374976,6736,7440,0,0,0,194041160,1567344,34359738367,0,0,0,0,0,0,0,0,0,0,0,0,2048,76528,6119424,197132288
1508963271.001276,1276,wc113.localdomain,1,0,198001184,195357076,194563508,0,985108,0,1006832,616784,812140,557560,194692,59224,0,0,0,0,4,0,638852,38904,731192,452864,100804,352060,6752,8092,0,0,0,194041160,1802196,34359738367,0,0,0,0,0,0,0,0,0,0,0,0,2048,101104,6094848,197132288
1508963271.001779,1779,wc115.localdomain,3,0,198001184,195361780,194568492,0,987592,0,1006976,615180,808108,557700,198868,57480,0,0,0,0,4,0,634940,39280,731244,451656,98932,352724,6768,7672,0,0,0,194041160,1745640,34359738367,0,0,0,0,0,0,0,0,0,0,0,0,2048,103152,7141376,196083712
1508963272.001658,1658,wc112.localdomain,0,0,198001184,193619240,193015004,0,1258596,0,1130068,812940,859780,557960,270288,254980,0,0,0,0,143524,0,684988,45760,733164,1821432,208116,1613316,7152,8428,0,0,0,194041160,1751836,34359738367,0,0,0,0,0,0,0,0,0,0,0,0,2048,86768,5060608,198180864
1508963272.001420,1420,wc113.localdomain,1,0,198001184,195358428,194564860,0,985164,0,1007372,616856,812680,557632,194692,59224,0,0,0,0,4,0,639268,38960,731248,452812,100804,352008,6608,7280,0,0,0,194041160,1802196,34359738367,0,0,0,0,0,0,0,0,0,0,0,0,2048,101104,6094848,197132288
1508963272.003294,3294,wc115.localdomain,3,0,198001184,195359892,194566604,0,987600,0,1007556,615188,808688,557708,198868,57480,0,0,0,0,4,0,635488,39288,731252,451656,98932,352724,6640,7004,0,0,0,194041160,1745640,34359738367,0,0,0,0,0,0,0,0,0,0,0,0,2048,103152,7141376,196083712
1508963272.002987,2987,wc114.localdomain,2,0,198001184,195333204,194541384,0,989648,0,1012060,614556,810724,557488,201336,57068,0,0,0,0,4,0,637256,38724,731244,474792,99816,374976,6656,7040,0,0,0,194041160,1567344,34359738367,0,0,0,0,0,0,0,0,0,0,0,0,2048,76528,6119424,197132288
1508963273.001784,1784,wc112.localdomain,0,0,198001184,193558200,192992296,0,1299556,0,1148516,853900,878228,557960,270288,295940,0,0,0,0,184484,0,703676,45760,733164,1822776,208212,1614564,7152,8436,0,0,0,194041160,1751836,34359738367,0,0,0,0,0,0,0,0,0,0,0,0,2048,86768,5060608,198180864
1508963273.001561,1561,wc113.localdomain,1,0,198001184,195357012,194563444,0,985164,0,1008772,616856,814080,557632,194692,59224,0,0,0,0,4,0,640784,38960,731248,452812,100804,352008,6608,7284,0,0,0,194041160,1802196,34359738367,0,0,0,0,0,0,0,0,0,0,0,0,2048,101104,6094848,197132288
1508963273.001330,1330,wc114.localdomain,2,0,198001184,195332228,194540408,0,989648,0,1013248,614556,811912,557488,201336,57068,0,0,0,0,4,0,638516,38928,731244,474792,99816,374976,6640,6976,0,0,0,194041160,1567344,34359738367,0,0,0,0,0,0,0,0,0,0,0,0,2048,76528,6119424,197132288
1508963273.001435,1435,wc115.localdomain,3,0,198001184,195358656,194565368,0,987600,0,1008956,615188,810088,557708,198868,57480,0,0,0,0,4,0,636872,39288,731252,451656,98932,352724,6640,7008,0,0,0,194041160,1745640,34359738367,0,0,0,0,0,0,0,0,0,0,0,0,2048,103152,7141376,196083712
1508963274.001760,1760,wc112.localdomain,0,0,198001184,193514332,192999684,0,1350756,0,1139420,905100,869132,557960,270288,347140,0,0,0,0,235684,0,694620,45760,733164,1824584,208324,1616260,7152,8444,0,0,0,194041160,1751836,34359738367,0,0,0,0,0,0,0,0,0,0,0,0,2048,86768,5060608,198180864
1508963274.001565,1565,wc115.localdomain,3,0,198001184,195358032,194564744,0,987600,0,1010524,615188,811656,557708,198868,57480,0,0,0,0,4,0,638452,39288,731252,451656,98932,352724,6640,7008,0,0,0,194041160,1745640,34359738367,0,0,0,0,0,0,0,0,0,0,0,0,2048,103152,7141376,196083712
1508963274.001405,1405,wc114.localdomain,2,0,198001184,195331020,194539200,0,989648,0,1014928,614556,813592,557488,201336,57068,0,0,0,0,4,0,640152,38928,731244,474792,99816,374976,6640,6984,0,0,0,194041160,1567344,34359738367,0,0,0,0,0,0,0,0,0,0,0,0,2048,76528,6119424,197132288
1508963274.002030,2030,wc113.localdomain,1,0,198001184,195355808,194562240,0,985164,0,1010396,616856,815704,557632,194692,59224,0,0,0,0,4,0,642452,38960,731248,452812,100804,352008,6608,7284,0,0,0,194041160,1802196,34359738367,0,0,0,0,0,0,0,0,0,0,0,0,2048,101104,6094848,197132288
1508963275.001885,1885,wc112.localdomain,0,0,198001184,193454276,192980636,0,1391720,0,1157036,946060,886748,557960,270288,388100,0,0,0,0,276648,0,711892,45760,733164,1825768,208420,1617348,7152,8416,0,0,0,194041160,1751836,34359738367,0,0,0,0,0,0,0,0,0,0,0,0,2048,86768,5060608,198180864
1508963275.002074,2074,wc113.localdomain,1,0,198001184,195352848,194559280,0,985164,0,1011740,616856,817048,557632,194692,59224,0,0,0,0,4,0,643696,38960,731248,452812,100804,352008,6608,7284,0,0,0,194041160,1802196,34359738367,0,0,0,0,0,0,0,0,0,0,0,0,2048,101104,6094848,197132288
1508963275.001107,1107,wc115.localdomain,3,0,198001184,195356364,194563076,0,987600,0,1011868,615188,813000,557708,198868,57480,0,0,0,0,4,0,639720,39288,731252,451656,98932,352724,6640,7016,0,0,0,194041160,1745640,34359738367,0,0,0,0,0,0,0,0,0,0,0,0,2048,103152,7141376,196083712
1508963275.001467,1467,wc114.localdomain,2,0,198001184,195329776,194537956,0,989648,0,1015992,614556,814656,557488,201336,57068,0,0,0,0,4,0,641368,38928,731244,474792,99816,374976,6640,6984,0,0,0,194041160,1567344,34359738367,0,0,0,0,0,0,0,0,0,0,0,0,2048,76528,6119424,197132288
1508963276.002011,2011,wc112.localdomain,0,0,198001184,193408784,192976152,0,1432680,0,1160648,987020,890360,557960,270288,429060,0,0,0,0,317608,0,715660,45760,733164,1827208,208516,1618692,7152,8456,0,0,0,194041160,1751836,34359738367,0,0,0,0,0,0,0,0,0,0,0,0,2048,86768,5060608,198180864
1508963276.000962,962,wc113.localdomain,1,0,198001184,195352852,194559284,0,985164,0,1013140,616856,818448,557632,194692,59224,0,0,0,0,4,0,645152,38960,731248,452812,100804,352008,6608,7288,0,0,0,194041160,1802196,34359738367,0,0,0,0,0,0,0,0,0,0,0,0,2048,101104,6094848,197132288
1508963276.001268,1268,wc115.localdomain,3,0,198001184,195355232,194561944,0,987600,0,1013272,615188,814404,557708,198868,57480,0,0,0,0,4,0,641200,39288,731252,451656,98932,352724,6640,7020,0,0,0,194041160,1745640,34359738367,0,0,0,0,0,0,0,0,0,0,0,0,2048,103152,7141376,196083712
1508963276.000788,788,wc114.localdomain,2,0,198001184,195328220,194536400,0,989648,0,1017392,614556,816056,557488,201336,57068,0,0,0,0,4,0,642724,38928,731244,474792,99816,374976,6640,6984,0,0,0,194041160,1567344,34359738367,0,0,0,0,0,0,0,0,0,0,0,0,2048,76528,6119424,197132288
1508963277.002186,2186,wc112.localdomain,0,0,198001184,193377344,192985756,0,1473256,0,1150544,1028008,880256,557960,270288,470048,0,0,0,0,358184,0,705444,45760,733164,1828508,208628,1619880,7152,8436,0,0,0,194041160,1751836,34359738367,0,0,0,0,0,0,0,0,0,0,0,0,2048,86768,5060608,198180864
1508963277.001865,1865,wc113.localdomain,1,0,198001184,195351092,194557524,0,985164,0,1014372,616856,819680,557632,194692,59224,0,0,0,0,4,0,646312,38960,731248,452812,100804,352008,6608,7292,0,0,0,194041160,1802196,34359738367,0,0,0,0,0,0,0,0,0,0,0,0,2048,101104,6094848,197132288
1508963277.001419,1419,wc115.localdomain,3,0,198001184,195353456,194560168,0,987600,0,1014392,615188,815524,557708,198868,57480,0,0,0,0,4,0,642360,39288,731252,451720,98932,352788,6640,7020,0,0,0,194041160,1745640,34359738367,0,0,0,0,0,0,0,0,0,0,0,0,2048,103152,7141376,196083712
1508963277.001663,1663,wc114.localdomain,2,0,198001184,195328536,194536716,0,989648,0,1018792,614556,817456,557488,201336,57068,0,0,0,0,4,0,644048,38928,731244,474792,99816,374976,6640,6984,0,0,0,194041160,1567344,34359738367,0,0,0,0,0,0,0,0,0,0,0,0,2048,76528,6119424,197132288
1508963278.000487,487,wc112.localdomain,0,0,198001184,193306240,192965992,0,1524768,0,1155528,1079276,885240,557960,270288,521316,0,0,0,0,260496,122320,710028,45760,733164,1844012,208772,1635240,7152,8448,0,0,0,194041160,1751836,34359738367,0,0,0,0,0,0,0,0,0,0,0,0,2048,86768,5060608,198180864
1508963278.001567,1567,wc115.localdomain,3,0,198001184,195352236,194558948,0,987600,0,1016156,615188,817288,557708,198868,57480,0,0,0,0,4,0,644024,39288,731252,451720,98932,352788,6640,7024,0,0,0,194041160,1745640,34359738367,0,0,0,0,0,0,0,0,0,0,0,0,2048,103152,7141376,196083712
1508963278.002011,2011,wc113.localdomain,1,0,198001184,195349776,194556208,0,985164,0,1015772,616856,821080,557632,194692,59224,0,0,0,0,4,0,647848,38960,731248,452812,100804,352008,6608,7300,0,0,0,194041160,1802196,34359738367,0,0,0,0,0,0,0,0,0,0,0,0,2048,101104,6094848,197132288
1508963278.001385,1385,wc114.localdomain,2,0,198001184,195326572,194534752,0,989648,0,1020360,614556,819024,557488,201336,57068,0,0,0,0,4,0,645580,38928,731244,474792,99816,374976,6640,6984,0,0,0,194041160,1567344,34359738367,0,0,0,0,0,0,0,0,0,0,0,0,2048,76528,6119424,197132288
1508963279.001578,1578,wc112.localdomain,0,0,198001184,193302428,192962180,0,1524768,0,1155524,1079276,885236,557960,270288,521316,0,0,0,0,100,188416,710032,45760,733164,1847448,208772,1638676,7152,8448,0,0,0,194041160,1751836,34359738367,0,0,0,0,0,0,0,0,0,0,0,0,2048,86768,5060608,198180864
1508963279.001687,1687,wc115.localdomain,3,0,198001184,195353212,194559924,0,987600,0,1016492,615188,817624,557708,198868,57480,0,0,0,0,4,0,644428,39288,731252,451720,98932,352788,6640,7024,0,0,0,194041160,1745640,34359738367,0,0,0,0,0,0,0,0,0,0,0,0,2048,103152,7141376,196083712
1508963279.000579,579,wc114.localdomain,2,0,198001184,195326228,194534408,0,989648,0,1021144,614556,819808,557488,201336,57068,0,0,0,0,4,0,646420,38928,731244,474792,99816,374976,6640,6992,0,0,0,194041160,1567344,34359738367,0,0,0,0,0,0,0,0,0,0,0,0,2048,76528,6119424,197132288
1508963279.000228,228,wc113.localdomain,1,0,198001184,195350948,194557380,0,985164,0,1016444,616856,821752,557632,194692,59224,0,0,0,0,4,0,648488,38960,731248,452812,100804,352008,6608,7300,0,0,0,194041160,1802196,34359738367,0,0,0,0,0,0,0,0,0,0,0,0,2048,101104,6094848,197132288
1508963280.001671,1671,wc112.localdomain,0,0,198001184,193328712,192988464,0,1524768,0,1155524,1079276,885236,557960,270288,521316,0,0,0,0,100,12380,710032,45760,733164,1821360,208772,1612588,7152,8448,0,0,0,194041160,1751836,34359738367,0,0,0,0,0,0,0,0,0,0,0,0,2048,86768,5060608,198180864
1508963280.001806,1806,wc115.localdomain,3,0,198001184,195353212,194559924,0,987600,0,1016492,615188,817624,557708,198868,57480,0,0,0,0,4,0,644428,39288,731252,451720,98932,352788,6640,7024,0,0,0,194041160,1745640,34359738367,0,0,0,0,0,0,0,0,0,0,0,0,2048,103152,7141376,196083712
1508963280.001338,1338,wc113.localdomain,1,0,198001184,195351072,194557504,0,985164,0,1016444,616856,821752,557632,194692,59224,0,0,0,0,4,0,648488,38960,731248,452812,100804,352008,6608,7300,0,0,0,194041160,1802196,34359738367,0,0,0,0,0,0,0,0,0,0,0,0,2048,101104,6094848,197132288
1508963280.001702,1702,wc114.localdomain,2,0,198001184,195326228,194534408,0,989648,0,1021144,614556,819808,557488,201336,57068,0,0,0,0,4,0,646420,38928,731244,474792,99816,374976,6640,6992,0,0,0,194041160,1567344,34359738367,0,0,0,0,0,0,0,0,0,0,0,0,2048,76528,6119424,197132288
1508963281.001905,1905,wc112.localdomain,0,0,198001184,193554616,192965324,0,1277708,0,1178228,831996,907940,559508,270288,272488,0,0,0,0,104,0,732920,47308,734712,1819140,208340,1610800,7168,8544,0,0,0,194041160,1736776,34359738367,0,0,0,0,0,0,0,0,0,0,0,0,2048,86768,5060608,198180864
1508963281.001793,1793,wc115.localdomain,3,0,198001184,195345196,194551924,0,987600,0,1022316,615188,823448,557708,198868,57480,0,0,0,0,4,0,650272,39288,731252,451752,98964,352788,6640,7032,0,0,0,194041160,1745640,34359738367,0,0,0,0,0,0,0,0,0,0,0,0,2048,103152,7141376,196083712
1508963281.001296,1296,wc113.localdomain,1,0,198001184,195342596,194549028,0,985164,0,1022012,616856,827320,557632,194692,59224,0,0,0,0,4,0,654024,38960,731248,452812,100804,352008,6608,7308,0,0,0,194041160,1802196,34359738367,0,0,0,0,0,0,0,0,0,0,0,0,2048,101104,6094848,197132288
1508963281.001135,1135,wc114.localdomain,2,0,198001184,195318872,194527068,0,989648,0,1025968,614556,824632,557488,201336,57068,0,0,0,0,4,0,651164,38928,731244,474800,99848,374952,6640,6996,0,0,0,194041160,1567344,34359738367,0,0,0,0,0,0,0,0,0,0,0,0,2048,76528,6119424,197132288
1508963282.001230,1230,wc114.localdomain,2,0,198001184,195312816,194521012,0,989648,0,1033400,614556,832064,557488,201336,57068,0,0,0,0,4,0,658252,38928,731244,474800,99848,374952,6640,7004,0,0,0,194041160,1567344,34359738367,0,0,0,0,0,0,0,0,0,0,0,0,2048,76528,6119424,197132288
1508963282.001890,1890,wc115.localdomain,3,0,198001184,195339256,194545984,0,987600,0,1028328,615188,829460,557708,198868,57480,0,0,0,0,4,0,656348,39288,731252,451752,98964,352788,6640,7040,0,0,0,194041160,1745640,34359738367,0,0,0,0,0,0,0,0,0,0,0,0,2048,103152,7141376,196083712
1508963282.001419,1419,wc113.localdomain,1,0,198001184,195337044,194543476,0,985164,0,1028324,616856,833632,557632,194692,59224,0,0,0,0,4,0,660996,38960,731248,452812,100804,352008,6608,7312,0,0,0,194041160,1802196,34359738367,0,0,0,0,0,0,0,0,0,0,0,0,2048,101104,6094848,197132288
1508963282.002005,2005,wc112.localdomain,0,0,198001184,193348172,192951140,0,1469524,0,1192912,1024032,922624,559508,270288,464524,0,0,0,0,104,0,747696,47308,734712,1819556,208788,1610768,7168,8572,0,0,0,194041160,1736776,34359738367,0,0,0,0,0,0,0,0,0,0,0,0,2048,86768,5060608,198180864
